-0.0429051466707081,-0.0446378417659109,-0.043185209418113,-0.0435683881828703,-0.0336464775850628,-0.0249332196175737,-0.0401037941532943,-0.0335409262229047,-0.0419674783210554,-0.0447551379171565,-0.0402822941327072,-0.0562824428882117,-0.0513908110986388,-0.0341290395536285,-0.0393819319021792,-0.0496981407212416,-0.0527302260830774,-0.0403205719045498,-0.0362850248021932,-0.0265439913170215,-0.0450421606381439,-0.0314675818980979,-0.0403475815062763,-0.043516653901631,-0.0351294616564517,-0.0425561715443708,-0.0431703279336077,-0.0462298489220872,-0.04205962368616,-0.0429756748641009,-0.0508054860474651,-0.0308256335704089,-0.0260884679255699,-0.00235283896467557,0.00266135024387546,0.0272319897494999,0.0220850443481603,0.0420071246386393,0.0394738405081296,0.0366302045028091,0.0360597945028423,0.0273803790340334,0.0184492155147182,0.00402891023700852,-0.0236556508035372,-0.0330233138784662,-0.0481900669727273,-0.0610639817865016,-0.0850730693974363,-0.0847438399560928,-0.112831562014573,-0.110562977311172,-0.132890508253426,-0.130067764862933,-0.116617932278066,-0.124700153193949,-0.108389967953455,-0.0980115160353369,-0.0831389967821439,-0.0646124865856662,-0.0514627753332012,-0.0291241358418882,0.00366003327490585,0.0457970859032769,0.0616332513920342,0.0896524224566084,0.107697880161144,0.110372455972365,0.116372134771384,0.119294080893239,0.109883016215204,0.0911194133506278,0.0691236828952303,0.0365918864552012,0.0133171161592616,-0.0208238114628932,-0.0522682954091453,-0.0835715652991478,-0.111099155385718,-0.148484426705754,-0.173151237645752,-0.187094621083908,-0.210747681200321,-0.1993641196667,-0.196629842117114,-0.201084374049728,-0.174046822962079,-0.147481220308139,-0.115836287444681,-0.0881036997949385,-0.0507758376882416,-0.0206538981662961,0.0316160911504072,0.0863350981910116,0.104744724327032,0.158030068917311,0.184668651223964,0.189554265441634,0.197945290269554,0.185516559780812,0.179600574537518,0.144460935217102,0.119857099157493,0.0873499949906021,0.0358715114930947,-0.00887471803948106,-0.0637552826948502,-0.121700699377559,-0.16183622403892,-0.191494744042813,-0.2359873706934,-0.258222174614911,-0.276915791057543,-0.275234379340259,-0.272457641339322,-0.272567843997495,-0.241814595087626,-0.193804800465164,-0.166018289217073,-0.115498297699181,-0.0733616531960717,-0.0119935720291439,0.0591030827081253,0.10862107742204,0.174204669961397,0.20985649798592,0.246438938509808,0.272395424697028,0.269405930978904,0.275828154744994,0.24620960709592,0.23152103231596,0.173085009039954,0.112478674431182,0.0557376256487139,-0.00966795735497313,-0.0736459846423823,-0.149397790909797,-0.204191046931374,-0.249103489019451,-0.296070175788938,-0.328670351772783,-0.34607573488509,-0.36790359257785,-0.354650655254334,-0.331294725440488,-0.297069926761675,-0.254039341388035,-0.200304138719772,-0.135187236925721,-0.0678320672535504,-0.00353432394268919,0.0888668340331498,0.160910693302703,0.223744493172598,0.271975275705445,0.309290996936242,0.34765835009785,0.359573375292736,0.339728197560875,0.308867892160146,0.280836067404094,0.225416532202957,0.149540798178178,0.0792386823981452,-0.0133928036347826,-0.0781121646662963,-0.164721473481034,-0.241495587418159,-0.291188489450794,-0.373798390265893,-0.404888876003344,-0.419708025248481,-0.436254833706209,-0.425415579464176,-0.396531913001744,-0.368153353033785,-0.304643321050681,-0.244209616323682,-0.159336112658713,-0.086827698196826,0.00988128451421628,0.119229407728645,0.199586666541269,0.285246957076925,0.334203244951701,0.370199638841392,0.412090137722365,0.418421439796384,0.423998039067503,0.375324763908391,0.340149554374699,0.263810468124636,0.185644667586078,0.106703053429008,0.00596448485261093,-0.0949032203008441,-0.183101103143422,-0.278754095562036,-0.349544482841775,-0.423490669947483,-0.466237264907435,-0.499150033853384,-0.508790627376241,-0.495518760817548,-0.457644362597252,-0.415763618606551,-0.353042918097155,-0.273890873512473,-0.185351870937224,-0.0893884052101244,0.018393600866683,0.124475874399872,0.226878391599637,0.316111405387602,0.391854109558347,0.449726374288661,0.490106716029309,0.485253209589118,0.490651405430697,0.44790872511691,0.386617810168868,0.319839993866404,0.236841637394265,0.124181833273322,0.0230046986736367,-0.105311692912224,-0.200098836150867,-0.297083433677368,-0.408467650287278,-0.478632628136935,-0.524137214530733,-0.565457034093932,-0.570851081302208,-0.563609856369888,-0.529885486281722,-0.470173821687037,-0.398837728796336,-0.324182535245949,-0.192799945327328,-0.0949492153064554,0.0228853058832393,0.150898314861799,0.257803011421272,0.370374816220952,0.436439352439661,0.505138268253005,0.545547853909239,0.551387414354549,0.54600026451585,0.511005002068025,0.45305497905332,0.365233408224282,0.24900332440115,0.134201739219811,0.0218775012771121,-0.100216897357959,-0.226001377637906,-0.343476099551167,-0.442914672355316,-0.520464034514464,-0.58323183641891,-0.634535644287104,-0.651434878358924,-0.628664632476031,-0.583648337426238,-0.529055466718749,-0.440592868983506,-0.349097571806378,-0.227542833998274,-0.116592859992184,0.0224957774328029,0.165164629261267,0.272848654369189,0.399020633779621,0.485464409215083,0.571801463612338,0.603311438039814,0.605666870541042,0.596473022861251,0.560911038361473,0.486159972437043,0.391599348653489,0.289154594126167,0.167661077314024,0.022999063772778,-0.0997458948200947,-0.241227952675883,-0.37217346314994,-0.486107731413921,-0.557206709200303,-0.650866034899545,-0.675941572851735,-0.709075243762633,-0.683788149794105,-0.63398238910341,-0.567771608892636,-0.484586639626292,-0.366505584719755,-0.25938644942963,-0.106974157701367,0.0409371119850113,0.174996303551764,0.312241131955972,0.445167125891446,0.535014694511823,0.600819965879936,0.66259267912837,0.671152966390612,0.677115209761482,0.600492423162539,0.523515514764902,0.436834943479185,0.313614007401467,0.171841657435846,0.0262101517874409,-0.108120891039147,-0.261595014888102,-0.392669986922885,-0.520586679141262,-0.623870260332434,-0.690435092195128,-0.737280618480999,-0.74778526414214,-0.742685086718787,-0.687235051178562,-0.621277158392209,-0.515050676303077,-0.390710064568593,-0.264079217613569,-0.115816214572891,0.0414181351250064,0.183343857156939,0.338296422472606,0.464944332799182,0.577149095177334,0.64778928531488,0.71265333633643,0.726080820772036,0.705109186584837,0.660097745604136,0.568126117607658,0.475407261754897,0.345860028031191,0.192549510077509,0.0311960112622843,-0.119268867632456,-0.277491816859189,-0.418745043318144,-0.544476588302576,-0.654981147448199,-0.734658075774833,-0.785454149598695,-0.790766086135439,-0.783938307724444,-0.740566921380552,-0.655563690779993,-0.543284356805674,-0.424615862606278,-0.271944038077437,-0.115040339272076,0.0396185739039534,0.205597392927583,0.367331590771507,0.502049916166464,0.605013634194483,0.695077425701359,0.741526140130197,0.767102757730117,0.744976421350398,0.695880969186508,0.608569559011117,0.491938798874135,0.356555677852332,0.211082843338561,0.0512018417734024,-0.12820602543693,-0.290049157092348,-0.43877159173575,-0.575018675455563,-0.696118008427696,-0.764548258185371,-0.833917663808775,-0.857178404040244,-0.837444644728518,-0.784689167244562,-0.697412327193096,-0.576448168243423,-0.443990250280223,-0.291628502462127,-0.122246204391452,0.0479199407551502,0.209934862140794,0.386315325241657,0.515170456928358,0.65172519261622,0.727939705075161,0.789194110853222,0.801797928536361,0.792873984457933,0.735523571946015,0.638304323240855,0.526131548321192,0.37915802619512,0.233434941112641,0.0461527040266063,-0.136786744390044,-0.294117762080876,-0.458050013537789,-0.59978572156806,-0.722829676212274,-0.815359730908713,-0.86914995698659,-0.889751769687162,-0.858333648744387,-0.828269501723984,-0.723941740599391,-0.607654260521627,-0.463723617827002,-0.300259684156631,-0.118411283899672,0.0463498052074278,0.234040668455363,0.395404535645697,0.552295375655986,0.669083482779979,0.765846025983453,0.811389651236116,0.83839761622822,0.814374533023373,0.753553361423208,0.668356961116346,0.531613544892464,0.394809687816427,0.229976377554018,0.039587640490042,-0.132141846428317,-0.313110116411413,-0.466420094056111,-0.629081551735262,-0.750295556099554,-0.840113454594732,-0.896228594528664,-0.91561896915508,-0.891159096797367,-0.846162692646314,-0.755066735348617,-0.62550558101721,-0.478972746745659,-0.307919737077801,-0.133833287056491,0.0530610411899746,0.229732069216945,0.406636509444715,0.56126869208422,0.684793215565911,0.779249528393915,0.838082542076291,0.861320646340752,0.841355504855813,0.786016151099563,0.679557238005791,0.559484856342604,0.400035807616446,0.231327253489377,0.0533410356386586,-0.13190427854026,-0.315014891146233,-0.491753218263803,-0.645965002751764,-0.765109414191677,-0.856318962837703,-0.930786748611145,-0.947277054146852,-0.906244208869842,-0.85768554165238,-0.778383602313311,-0.640094793917019,-0.491709892224122,-0.320926502580561,-0.131404716614925,0.056232487184625,0.244939554697265,0.398799703850288,0.566665554509139,0.701355922410269,0.780728204534247,0.859985367720814,0.869137194156489,0.853679040858328,0.796370407532389,0.696485200537874,0.568109474511297,0.414984285503259,0.250413660279383,0.0561551459644738,-0.133855165692132,-0.330043698917605,-0.502273782054298,-0.661721466328851,-0.795742306425609,-0.874477402653564,-0.948803671841341,-0.948333054279389,-0.931172514419506,-0.88272104869687,-0.788214371856123,-0.646900475842101,-0.506027681252972,-0.31243974400738,-0.143047578415493,0.0601665055466764,0.250503955258128,0.419260556645705,0.569904332053904,0.70023368487015,0.808352290104753,0.87304132747463,0.892738074145834,0.860893996340722,0.820558245967948,0.714964272035425,0.586427981741569,0.418770127217973,0.240542841326093,0.0528743206793346,-0.143358375663055,-0.310361538231836,-0.502064481668143,-0.669760661274764,-0.788197834543527,-0.893451347408016,-0.940053671460577,-0.966456713562772,-0.951136428136969,-0.881264946584671,-0.794360330990039,-0.664292362552728,-0.504921936241267,-0.326556523005,-0.13304384639263,0.0609506774970085,0.247853578230907,0.43410202452679,0.572822522885961,0.71548120033623,0.809236829771832,0.871680138263951,0.890873140989897,0.873461553185833,0.812666163367156,0.71039949842373,0.57840795458578,0.428670191209358,0.246784791478257,0.0588752418547008,-0.133551014733175,-0.318706561524223,-0.506601317566321,-0.663934997446282,-0.793223505357805,-0.883995885053075,-0.943096608708603,-0.966299506558182,-0.947986768880373,-0.884649591834986,-0.789527763812557,-0.657385876027467,-0.500137035064012,-0.318980746907864,-0.130771141717233,0.0504856198056954,0.249173620875611,0.412341868957019,0.581109358832804,0.704619482252903,0.805485949884733,0.860236184481372,0.888741145895627,0.871446697732055,0.805961598263586,0.70983734396812,0.579471417039104,0.424377271252749,0.240879354574817,0.0489058349911716,-0.130339542990206,-0.326023778944569,-0.504888851312494,-0.650654501029696,-0.786622909078853,-0.881180449222868,-0.950329097221494,-0.969698906994606,-0.937955850001047,-0.894921560502612,-0.794688042891499,-0.669539981784826,-0.50789028679031,-0.320985090861542,-0.129487308744931,0.0552034087839489,0.247764477059521,0.417503797254052,0.574580969359627,0.695104309961346,0.796280564497689,0.849421443568835,0.865318337516397,0.856748389112778,0.794071288649055,0.688623048719404,0.571876452937934,0.417358574652993,0.232989434451996,0.0558337617279216,-0.130606441893986,-0.320158051819472,-0.496887646842766,-0.648392798572583,-0.776889950474713,-0.874427804088239,-0.931077240153572,-0.95738024910095,-0.937061040055721,-0.878408390008541,-0.780858022514599,-0.649431311142449,-0.497913867333375,-0.319975498247892,-0.126131458864393,0.0470642100918875,0.230537222704647,0.406402729389852,0.565291588229349,0.686134770560745,0.794506000599393,0.835829394806159,0.862158565754593,0.84316202734507,0.77483551448159,0.689478168624345,0.560654337408479,0.396200398743274,0.238388765243328,0.0609972588444117,-0.148287983170956,-0.317489236172876,-0.481164072056827,-0.633097758832133,-0.779369385807674,-0.855827897820018,-0.920152292989161,-0.935248481031318,-0.918721763313208,-0.858440820803751,-0.76756202009664,-0.634575201950534,-0.490683542819507,-0.325068096185653,-0.133780792677629,0.0590757284352306,0.227634327935178,0.400613791320238,0.542004388194118,0.675759307016666,0.76759653407046,0.820436875689824,0.842990888491968,0.808868966998655,0.751291745339664,0.658792903949114,0.541072062028444,0.409318593616804,0.233309128577015,0.0467537650601547,-0.133075553620851,-0.316196752094454,-0.479170623849987,-0.63008296547736,-0.750220264230097,-0.83530167764368,-0.893591946485885,-0.918255293316691,-0.895217293570772,-0.835017295452596,-0.749100110674383,-0.61596227096244,-0.475046612012182,-0.310395078947491,-0.131622420840757,0.0498902738559631,0.221787526129961,0.390134381083001,0.520689626049085,0.641295608100202,0.736951391312336,0.780103751659905,0.809868511106291,0.785064201286533,0.725157510259907,0.638577056398985,0.535847594024337,0.38156850169068,0.224078330834339,0.040657952173156,-0.127284885461801,-0.301785379278922,-0.455480038885006,-0.608357481290505,-0.723507815199104,-0.806443177412114,-0.860240235039422,-0.889018847766649,-0.868675576801037,-0.809856626679437,-0.715971539649824,-0.608386417566881,-0.470851088682435,-0.299268404029937,-0.136309057417684,0.0385685896290656,0.214053044265812,0.359789607266294,0.492132344898545,0.609779665931133,0.695697962089484,0.757925798447936,0.76106290974348,0.745322242542648,0.695086086013007,0.615080544775073,0.496281068239585,0.361573515683508,0.217444455403703,0.0524227082939162,-0.124694598436311,-0.298364429577242,-0.435452728759842,-0.576465706685704,-0.685811221895059,-0.770742257837687,-0.831613615222989,-0.842103499853271,-0.821429736753589,-0.773214777951355,-0.692111039881924,-0.572008898576446,-0.447619304485698,-0.291882297491065,-0.130862148639345,0.0401074920954854,0.206931894203965,0.340655920082782,0.480340149234855,0.564195167091153,0.661808615557267,0.702284186432256,0.726269276239384,0.707568210599462,0.654763571500764,0.574898252029976,0.464849994241169,0.338226655886254,0.194251317948998,0.0444982327998919,-0.121423532448412,-0.27087783684185,-0.420586996607345,-0.556873248173161,-0.659278632451589,-0.729458535979162,-0.780174688977044,-0.805406060742265,-0.791342449859944,-0.745560577590093,-0.657811252470568,-0.551727783661937,-0.417725844219204,-0.270447440743613,-0.1200121440828,0.0410439945672788,0.168226018719826,0.322495492847763,0.448653380896671,0.53390085654246,0.607763241073665,0.651897365835516,0.667231686128714,0.643509274434698,0.600879717761181,0.523217142732278,0.431209381921963,0.325007819516687,0.183231084315027,0.0376417986956104,-0.118165692501582,-0.270936178087826,-0.390261946627351,-0.521160864046171,-0.630861889293209,-0.689127252521574,-0.742973807250471,-0.762524003720796,-0.722929952940371,-0.693086510764901,-0.623558785826974,-0.516591775477706,-0.394295731487741,-0.256300610103671,-0.112772756117577,0.0263601174128069,0.145592073065036,0.285108146497731,0.404792458036059,0.499368605962817,0.563692148484693,0.595465497507982,0.608842555202082,0.606904464243981,0.570411107161022,0.497287375981801,0.392951191161583,0.274936867827154,0.162330435215458,0.0235940307930243,-0.105670887057913,-0.244717965430688,-0.368815026212008,-0.485134903019461,-0.568778408673575,-0.638160197087442,-0.693203076296706,-0.696519324932226,-0.68307016724234,-0.639308155031962,-0.571990818383572,-0.477404801822782,-0.367157537574429,-0.241884252181571,-0.1042203406487,0.0179114332125263,0.135828228006905,0.255941028830297,0.361796124690613,0.448427683914001,0.513353302564512,0.545646980690095,0.570314254583906,0.550078763344055,0.510823879650395,0.438492503909053,0.362112054591895,0.244515610091811,0.143427586469812,0.0146000131495238,-0.0951045550166275,-0.213757060492635,-0.345046683252852,-0.429495655051392,-0.515547820481909,-0.5773705792161,-0.632550781052065,-0.630962393538643,-0.613876647521448,-0.586236233001754,-0.529177098080657,-0.431953985795611,-0.335102017104361,-0.228017350311279,-0.10404063829578,-0.000671613243154165,0.123562263177887,0.217881710790573,0.325391113756051,0.392691830431693,0.435597842978783,0.49593589875047,0.482315168644224,0.478447870472777,0.448248829567327,0.382905814272855,0.313437814445182,0.230044789135953,0.112469591061023,0.0173276369881152,-0.0994986245948335,-0.202607963850839,-0.305630134416517,-0.39650366399074,-0.4658533243995,-0.546087414754195,-0.561009343016309,-0.580318130182204,-0.573671176156706,-0.532267931711455,-0.475654947711635,-0.405224779384616,-0.314747114993324,-0.205617713839627,-0.0904423974066058,-0.000350582307249107,0.10780550250518,0.191196579326983,0.261996114453766,0.339508248147546,0.382094621287394,0.403679648616301,0.424661835135487,0.416697474502706,0.393646994223222,0.345477484467734,0.273365545759548,0.188631600371908,0.103269513032838,0.0058998629294286,-0.0921148399167323,-0.181784581085205,-0.269476131104101,-0.35691907513215,-0.411810083464759,-0.474028239627043,-0.487653204691278,-0.499740207607529,-0.501948010366634,-0.456907752221782,-0.416438841184223,-0.35848310632309,-0.284243982294353,-0.176608850164208,-0.0941133785789796,0.0012732522838675,0.0754881185233364,0.163199208265674,0.222514924538172,0.274003662002993,0.321641251548129,0.341082905283948,0.353430934171555,0.35728259205124,0.315969152673517,0.28295322109738,0.215464236271266,0.154393891104346,0.0840082553444299,0.00395199079358322,-0.0885597221801094,-0.154385455280188,-0.23191474231275,-0.301106437150528,-0.362813036700326,-0.402764628693462,-0.416921961711642,-0.435508914801357,-0.424191799608475,-0.393566402112469,-0.358219329546506,-0.309224506192744,-0.240999297666074,-0.15548008742573,-0.0827014114401421,0.00236697674849058,0.0543037973683916,0.116786166515695,0.172574947640701,0.212611470296436,0.256727973228252,0.273434631463428,0.270305530948159,0.257605150821258,0.243948449895737,0.213818965392432,0.180659375374169,0.113588304158515,0.0555930893504332,-0.00628121567351865,-0.0769475235943753,-0.135312325260751,-0.196880511823716,-0.251304841002753,-0.305110970865183,-0.332852135254675,-0.353887656696789,-0.35485027377486,-0.348952958574704,-0.322114036172615,-0.288062723271631,-0.260526346143833,-0.207511895376278,-0.129897978126893,-0.0763660370918479,-0.0109666301213715,0.0187204898400328,0.0844305665291769,0.137707638929523,0.149204460498052,0.182950019815424,0.185157952546209,0.198150056416816,0.194309780901864,0.170246181135512,0.143522351020515,0.115461943036738,0.0739930319517601,0.0327350163119291,-0.015094700932902,-0.0709120941817415,-0.121037123279738,-0.16386292331341,-0.202952573686229,-0.230066971542693,-0.259352367468785,-0.281221853363139,-0.275524779297833,-0.27667938283997,-0.265695817342848,-0.239691990810185,-0.202179612612705,-0.171536707849812,-0.107350036468551,-0.0549709962853961,-0.024756535917995,0.0136823913600013,0.0362810398873237,0.0704694073364361,0.0930844681117855,0.110432939813987,0.113892058421586,0.121567148093507,0.114147361587818,0.117110838779687,0.094326801380682,0.0746236605076473,0.0444108119965497,0.014760560813237,-0.0177802061481391,-0.0650486713680862,-0.0897020577231348,-0.12388955824183,-0.141287611796028,-0.164823868290703,-0.181171233144577,-0.19203323465247,-0.193448501769707,-0.191065367404505,-0.191984559610933,-0.180009263920885,-0.146565528582719,-0.121621667741605,-0.0914994470139628,-0.059095584388702,-0.0298812776361312,-0.0189652029045765,-0.000746948405881546,0.0113517259344708,0.0273416152444217,0.0253334118684552,0.0353575822083201,0.0359779346485749,0.0404587914073471,0.0293277156536309,0.0216916895782287,0.0108689729964119,-0.00974217527175965,-0.0190300813412778,-0.0308932442070712,-0.0405814713951399,-0.0566859841467958,-0.0756502011283306,-0.107694256820441,-0.104935764341134,-0.111050501872386,-0.118163977827715,-0.120921772581535,-0.113914118150396,-0.116017559388583,-0.0966836836488383,-0.104472794150239,-0.076803424530547,-0.0573097397399318,-0.0436424364856097,-0.0345439640008275,-0.0390349036681556,-0.0321486573213148,-0.0476542667069225,-0.0450025006523828,-0.0415840242895393,-0.0367200812650009,-0.0362586624301759,-0.0468827574107911,-0.0378115110574787,-0.0362967676241538,-0.0420770094296552,-0.0389183769542626,-0.0358578124689314,-0.0418924700303746,-0.0334475698981329,-0.0422488504292619,-0.0329631523668324,-0.0261915387112703,-0.0360718759924354,-0.038066496453855,-0.0361887226529838,-0.0344851325367591,-0.0458281141384683,-0.0310188773333756,-0.0326062685574546,-0.0456429123471594,-0.0354631403645281,-0.0405647170761903,-0.0431040651088431,-0.0323062350609072,0.889145831409598,0.884646001148531,0.837031644296929,0.765723748023815,0.650327377692317,0.510283667259387,0.333990416464776,0.145947753428813,-0.0373348010221781,-0.231964159870475,-0.416021835784932,-0.589964431390584,-0.732468454143119,-0.846116816090352,-0.930578908772261,-0.957683490377794,-0.979367066242175,-0.930449837966845,-0.853917295080228,-0.726708343841884,-0.581025460703295,-0.424559246431268,-0.233435005661993,-0.0470977703437019,0.149602072097783,0.347807886176241,0.509538686415955,0.645961051809032,0.768744289074004,0.854173875064251,0.884521878176243,0.881763844580718,0.849279373277506,0.762612882474081,0.651769401342864,0.50898639156146,0.328700927149825,0.169106912504126,-0.0379022009538173,-0.228787078677123,-0.425904731431461,-0.588147761270978,-0.741462190793032,-0.860956943491873,-0.918771123163104,-0.968023770544181,-0.972946311422991,-0.928739292521387,-0.833673874970714,-0.736131148910197,-0.583368527656713,-0.413659185325562,-0.235802013862429,-0.0461052142578006,0.141818972859961,0.334565998264234,0.497542406726599,0.652812047907923,0.764611947194734,0.848243827219853,0.887776528942436,0.889371079846287,0.845805677406142,0.76373970270319,0.656272377429996,0.504962269980171,0.333878835683508,0.145555324993247,-0.0346081351444965,-0.224532954890839,-0.403891076591961,-0.584779498073457,-0.730475110881889,-0.837739069956724,-0.919363072732712,-0.966878342327027,-0.962598051999877,-0.924440359776832,-0.83914022100623,-0.724325221365765,-0.587666275857336,-0.414508518127285,-0.239729794648156,-0.0413943805857245,0.150237643673776,0.339571478962631,0.501011132376865,0.660382837895141,0.762986853106737,0.839594948679565,0.888188894442247,0.888918128286758,0.83615166237115,0.761571989807099,0.650282113171748,0.499204905434784,0.343524324793265,0.164045566003994,-0.0395597876505985,-0.237008745179472,-0.422455993732922,-0.589693737226953,-0.731531410433634,-0.85674759723128,-0.930868628266742,-0.964650343131388,-0.965056807777925,-0.930417178798411,-0.847789316311996,-0.724649107590743,-0.600724664349903,-0.413698261068347,-0.248759507420771,-0.0350991832207026,0.151002645236728,0.331321505438767,0.515712713923241,0.65529373305351,0.771493206964799,0.845095633870493,0.888099722282166,0.888641106012678,0.843894485300849,0.769554690226849,0.649405709718657,0.507947405766748,0.351823328438337,0.144870095684556,-0.049484126055308,-0.240660733559618,-0.413543071662699,-0.578049015096786,-0.731546430675988,-0.83155482432966,-0.929989998737292,-0.968915343954758,-0.965931415758618,-0.92376051793226,-0.851550955722148,-0.735368907114246,-0.585108978902979,-0.414413181094909,-0.240604554095433,-0.0340588835841031,0.161144224729321,0.344761439222911,0.508830714562476,0.645310053459106,0.76831177039519,0.849852481922494,0.88497198566384,0.88916472813135,0.847503526553292,0.764615876448234,0.658508560358566,0.515014572582546,0.342370739172952,0.149623379387333,-0.0376641095248296,-0.237216374393517,-0.414474616277899,-0.587417990387522,-0.727088977030289,-0.850109654925003,-0.929716837096418,-0.964052127811992,-0.966316755149861,-0.929843998679946,-0.846906866049708,-0.730230629365468,-0.580587966788999,-0.430419598843361,-0.223377852036076,-0.0488336349142246,0.152364329868833,0.33784043553154,0.509112180965617,0.639574797475478,0.764875859884681,0.867223579235666,0.885564052147869,0.872489499966431,0.858031804314627,0.769410429764865,0.648418965321351,0.511041277779214,0.344377495716047,0.14150181145485,-0.0358016748311077,-0.23643411009605,-0.411651883853119,-0.583594092091856,-0.711958078724574,-0.847034895285938,-0.915094903493201,-0.959844699875891,-0.966600391659877,-0.91517100520746,-0.836031284542284,-0.735184127602926,-0.59554214412524,-0.424129894083763,-0.223697707763567,-0.0314855443436712,0.157162044857977,0.33793566227062,0.501238650225581,0.647304474207848,0.762052416785712,0.84305553080484,0.872267822695837,0.882156971831173,0.841985882986986,0.760747787169777,0.64141329990462,0.50403301842686,0.341156769370513,0.151700414118112,-0.043785046144255,-0.234322076428326,-0.421186924727185,-0.588758700116887,-0.730929665168387,-0.852259728757389,-0.929503411346338,-0.969076993644905,-0.969074829579372,-0.92765778025848,-0.846011723623311,-0.729262792480461,-0.591647462631455,-0.415350306721773,-0.231555798655971,-0.0301436380960104,0.147579482793237,0.341392944264211,0.513522044356287,0.659785305957622,0.762028110051638,0.83758757814483,0.878537169568458,0.895657543208266,0.842680795378756,0.763290743595277,0.655638363214936,0.507073972758976,0.349107398027228,0.150378693646678,-0.0436072329068453,-0.23554410570682,-0.423331274536726,-0.576940240076125,-0.723420738537832,-0.84236186485982,-0.931764941401056,-0.955080270604169,-0.967405984889663,-0.933050175691755,-0.839668105532895,-0.727309421900816,-0.591947336256382,-0.41815088639544,-0.234289398216694,-0.0481792142062885,0.148323459119134,0.342465658163344,0.518196348921967,0.647501428737371,0.757138751585186,0.850573362810292,0.881338756194322,0.876788790410083,0.850444026886163,0.761304630259168,0.659312580481258,0.49344016631351,0.33743172081767,0.152071380729186,-0.0412836724986298,-0.241527680424838,-0.423592977956082,-0.589059924313438,-0.730700095004027,-0.837364271962288,-0.919803923402804,-0.968729907504683,-0.969788423431054,-0.910427902905819,-0.854792669677048,-0.720986078538156,-0.579917270062549,-0.418895028258381,-0.226255485392187,-0.0389119900467283,0.1561274424167,0.341527297166248,0.500401206453547,0.652574020914329,0.756616492342935,0.838083397986487,0.886965387801218,0.893810792776404,0.834543995363178,0.765301449559658,0.6477772166605,0.509916688650707,0.346785491806641,0.160337590658805,-0.0282831044890662,-0.228139006256228,-0.421099017165296,-0.592924166638455,-0.729017095714794,-0.852095032042797,-0.924514032902159,-0.981853172786868,-0.965405975168663,-0.924142806559236,-0.845410896914165,-0.74037323028108,-0.597724711589423,-0.421688564230982,-0.225001026495398,-0.044743609160963,0.147729479710625,0.336690361437891,0.504450800481284,0.648731785526813,0.772975555501242,0.845027205533312,0.878972364012494,0.882003634765941,0.845220354704488,0.765989495082252,0.645909762857406,0.512660313892983,0.343390148562844,0.149395128438854,-0.0469703199706365,-0.2378341491436,-0.418958030046062,-0.594828758111193,-0.727574243414347,-0.840082782995651,-0.922135050702167,-0.965634401607328,-0.964520071490459,-0.923150405881396,-0.842194724536352,-0.729567588203174,-0.591184652459534,-0.416676783939663,-0.236445401750849,-0.0453538778846219,0.152285680156027,0.333996193564839,0.500899045098837,0.650941946508584,0.755763518948755,0.849521654406823,0.876199089596001,0.881294175575031,0.846950037830973,0.77388380285076,0.652189800105208,0.50724529788982,0.341718817204907,0.156652658142548,-0.0359575688096056,-0.226342751883821,-0.423152575478732,-0.577453867972678,-0.726645783871524,-0.840237682922286,-0.922305369964111,-0.962396441635019,-0.958144729444596,-0.918221533143629,-0.854244161466129,-0.740795928524687,-0.587817988789254,-0.4059451609181,-0.235917043848347,-0.0382686301856356,0.16075930481727,0.337750087650375,0.502037814928149,0.648665113900526,0.768316254465091,0.863217466457973,0.887689035684647,0.890285489059004,0.844912725024583,0.755953792214284,0.647224345951124,0.512726244656434,0.338762329121993,0.151092608710815,-0.0398783773390938,-0.244280597875389,-0.423400978541085,-0.587259594145311,-0.726699968438693,-0.861669955720576,-0.9274898059664,-0.963890001924723,-0.959807160883599,-0.914538408118444,-0.840749403039788,-0.724270247592205,-0.585682089418481,-0.419439749056815,-0.224559771926964,-0.0340886844172132,0.159350357692707,0.324968730368802,0.514533904242437,0.65061326323272,0.774073571895455,0.84104633981921,0.894978647579842,0.885322602415765,0.840605381182547,0.766395915123366,0.651905951757517,0.502150138296708,0.331221646467216,0.152970613667175,-0.0426410985532559,-0.23168926956056,-0.417748925060821,-0.597509395743208,-0.715805881107947,-0.859485223454887,-0.923123934258103,-0.96518724515063,-0.961899385269397,-0.932328918550355,-0.83793492925274,-0.733645061144182,-0.582077355896853,-0.421907661637005,-0.234905071715715,-0.0406511741889342,0.156069972133671,0.330902771120866,0.505122992138476,0.650187423991041,0.769508468009855,0.84276049368666,0.886114192878522,0.880341009387519,0.843936948200515,0.760247114342865,0.65159849876364,0.506548782768785,0.345720928211285,0.152678492294135,-0.0428699200458575,-0.232622198138677,-0.410596897971971,-0.584872673260531,-0.746649099711332,-0.842619517207307,-0.927265684384896,-0.965867006710535,-0.969619870697344,-0.932041762697346,-0.839340545306702,-0.724451842374269,-0.595498264668075,-0.424661602280384,-0.237992784401804,-0.040955272691714,0.153308617806184,0.342727262085766,0.502719944325968,0.64219798573002,0.760753609132759,0.852557433239332,0.882142507264407,0.884146077807653,0.838729510651581,0.767442184027827,0.654296143709137,0.515451238229529,0.340244988177829,0.15798723612456,-0.0482069839747747,-0.232524608661466,-0.411205623114464,-0.57849236077011,-0.718115403309939,-0.843043441232549,-0.924408762490424,-0.96178873415798,-0.969422282897704,-0.913065703955288,-0.840860551384772,-0.73307087434521,-0.573247660020739,-0.416015153042634,-0.233439112171013,-0.0438749015854827,0.153343225456525,0.336477386598732,0.514941201214973,0.645956098476588,0.77289150197904,0.841998400218156,0.88503701081269,0.878128722527968,0.856255921400387,0.758651096837838,0.650120270069193,0.494355017489782,0.337441644589545,0.149451847614075,-0.0501277288863334,-0.234510549463531,-0.416966766912428,-0.582742771383903,-0.731432722819039,-0.841361642416969,-0.929585297374301,-0.958317012112596,-0.969372225760783,-0.920721803545746,-0.855449101932722,-0.720412539341471,-0.594437603106131,-0.420746299701404,-0.232227179939747,-0.0422957123829274,0.153345968307225,0.348757564361583,0.501049906220471,0.656873406635976,0.766702764646112,0.848190874170168,0.892498932716362,0.886177069516659,0.85065515835889,0.766732160737134,0.644545137271208,0.503210329302166,0.340255162905344,0.144326592198302,-0.0408277593188287,-0.236478097016939,-0.412677971759011,-0.59636181099369,-0.733687792426862,-0.845573786196594,-0.927273900945981,-0.964161218861664,-0.968841788304038,-0.927401722490369,-0.854872039170384,-0.743398813357519,-0.584676133766394,-0.415663168600721,-0.226863400755923,-0.03386435627085,0.153887933894954,0.33957618811791,0.509967023643338,0.654470770616503,0.761687599094517,0.841887770245824,0.888912027583695,0.880110263233419,0.842965244662843,0.763798826996,0.648378574394252,0.513942518649792,0.330120184643841,0.157389802403578,-0.0311544240179468,-0.240225647991567,-0.423040646839915,-0.581604295065738,-0.73310595500788,-0.850221374434441,-0.933234884202431,-0.967012496744989,-0.974121443967153,-0.916176638087505,-0.846039705808744,-0.725219288705664,-0.593491120682781,-0.425659709302461,-0.232344695761097,-0.0348681008730605,0.144164011047203,0.328119242617279,0.511792625057032,0.660261647922393,0.764837686067359,0.838562390052026,0.883614685360303,0.886674047432438,0.842286630839896,0.776347257976955,0.64787320725287,0.503520199581261,0.339344786768628,0.142730528375716,-0.0432966839054533,-0.22892353135221,-0.423845296940179,-0.585990848646209,-0.720621791183674,-0.845657686458279,-0.932251024526904,-0.976930075767668,-0.976395934564255,-0.925027446798996,-0.844524454422685,-0.730149043177388,-0.580730791830996,-0.408751829732369,-0.236143479467921,-0.0436049241522407,0.154410268316892,0.337320743152801,0.500234711043557,0.646206915669392,0.769432169067328,0.841792304700744,0.884742910959907,0.88534281700405,0.836206812470511,0.755341757054991,0.641713648837031,0.510616483870659,0.32621395010424,0.162539589896254,-0.0399879115029974,-0.245658478041452,-0.410531312798816,-0.587159858161235,-0.724416219742366,-0.847135664699836,-0.929674539145205,-0.959310105237603,-0.971111458187865,-0.928231128049196,-0.844050068132361,-0.727335878745359,-0.586506698172295,-0.413647136543119,-0.231212727927573,-0.0338873900674519,0.152608419136654,0.343906235811272,0.509997796383637,0.648490583036282,0.76090910598629,0.833563868425937,0.883786779682153,0.890406801289022,0.846083865138885,0.776571060697426,0.647387480258547,0.504696311500554,0.340117828643236,0.157841261632883,-0.0414835008022963,-0.236940882257183,-0.428190833318814,-0.576865911689413,-0.723167696462198,-0.852110012724907,-0.929687214823508,-0.956727501526641,-0.967884628285255,-0.920998525120182,-0.837229401504287,-0.734959547457302,-0.586824628621203,-0.422587564811334,-0.234592369301606,-0.0395718662469104,0.167208412907793,0.332293694018956,0.513993800962643,0.666427769033033,0.771742124411325,0.85111704589144,0.885483925765002,0.883929400512389,0.846980456355747,0.756095014138234,0.649107965478622,0.501821336077021,0.345170643898317,0.158981347332718,-0.0493791037494173,-0.221342836257025,-0.418695196936996,-0.588349032225811,-0.731361606271633,-0.837898575581444,-0.925279921454424,-0.975778359209319,-0.971918152211215,-0.924650174483098,-0.845936179127046,-0.720955859424657,-0.593033186081469,-0.426553583311615,-0.241970958034949,-0.0293707228354621,0.146503288052916,0.327924099537668,0.496679797345526,0.644436637055019,0.762293954194757,0.847198504821617,0.878416473041101,0.881413277444053,0.849782964315826,0.782120773757437,0.650173429710143,0.502105016084104,0.345442428665411,0.151779383608416,-0.0402587045103015,-0.227977318499907,-0.421021955639737,-0.596500964465161,-0.72780756477753,-0.852738924541585,-0.924638730059815,-0.964001980140822,-0.969435319930448,-0.928189440518322,-0.841269739685683,-0.736869250539304,-0.58843225107411,-0.415789390262624,-0.248353102634053,-0.0424964593817288,0.14551656150221,0.344235655225649,0.513814838450258,0.654501620440882,0.76962721735151,0.84718320992597,0.883104681197973,0.891210621868057,0.84226166417121,0.7688694278846,0.657498701423777,0.509006279467746,0.341953261200644,0.14945585990053,-0.0426663431686982,-0.235600534200565,-0.418183131313366,-0.580371014744313,-0.746016954909396,-0.849582626358319,-0.928318630496384,-0.970429551086023,-0.951684367484686,-0.933251408989052,-0.852389917652764,-0.727600052458735,-0.588775495014312,-0.412603531808879,-0.234315380168385,-0.0262440096754242,0.142080152507663,0.33896152185702,0.506818017205416,0.654505979059736,0.771579679188782,0.845693577987347,0.88220056675506,0.878803331215,0.852515706683698,0.764825061739936,0.651878926984783,0.510588261781841,0.335755571256871,0.150381510271315,-0.02691831909514,-0.246005478545869,-0.415134988238896,-0.574331360017617,-0.721904106403834,-0.842994975813966,-0.920126387631934,-0.953752735782665,-0.973861908308059,-0.92432812916987,-0.847471216155862,-0.727481449916607,-0.586650525674862,-0.429614447508373,-0.24139040939418,-0.0390167962317487,0.159512844441156,0.344145169381944,0.502955937604553,0.641992142776771,0.758120881649459,0.84727220761922,0.884436721796075,0.88165679919873,0.829815317240584,0.759563904318724,0.642575025090054,0.496875660069294,0.34440148547172,0.149482217232678,-0.0377456535864733,-0.235747977832346,-0.408362874519123,-0.585639372628902,-0.724814287617551,-0.846996976768196,-0.92790175417325,-0.966290414364615,-0.964077569338226,-0.932306418084086,-0.848479718405447,-0.740919498171807,-0.58739067879786,-0.42046663520927,-0.245565164629626,-0.0396658562457309,0.160236355945422,0.323675440514191,0.502410075928866,0.645863010051391,0.756805283728126,0.837648078516751,0.877534957653656,0.880254230797399,0.849396794622047,0.75870492669307,0.651437365636009,0.508035870729378,0.343984583935832,0.152082507636621,-0.0397640643332294,-0.236847677459949,-0.416817942966053,-0.583240558573573,-0.726313657640554,-0.83760871837048,-0.929211703183823,-0.964120402397249,-0.977610069373977,-0.919256294390537,-0.846949739266262,-0.726355678738327,-0.591731627329145,-0.418509764560362,-0.23405760745285,-0.0399192204877875,0.134871011360215,0.326529535304949,0.513890079955136,0.641836663452691,0.762677937260267,0.843854781763038,0.878984062028604,0.872041498599823,0.844071772042386,0.772298382074628,0.654120439913272,0.504122791497212,0.333366108101831,0.160223010850535,-0.0382310193778754,-0.237254248382127,-0.409899876068139,-0.588629227767506,-0.733156620487495,-0.851226254822616,-0.927697163950609,-0.958270630884975,-0.968412624520863,-0.928105179576569,-0.842022112269613,-0.736881969056117,-0.585811615462633,-0.423155658845685,-0.240447820278703,-0.0466075002575533,0.162516427566525,0.33211782212648,0.494657661097111,0.656174601082407,0.766071686165942,0.841911363895984,0.897360181546533,0.890521713588528,0.841432273127372,0.765960080531142,0.657646741233996,0.497805170370385,0.333051641311019,0.15218399525864,-0.0479732577747109,-0.22696316369457,-0.414118277567296,-0.591452816697317,-0.740313671429066,-0.84156283187322,-0.923891319423734,-0.968070594541346,-0.967532549013757,-0.911542644739353,-0.846613114047743,-0.710743502618584,-0.592084108721442,-0.421419835462009,-0.232549782406955,-0.0362221836328676,0.144046862501341,0.340487930397643,0.509207339865675,0.651408566561782,0.760302963570629,0.840323165299623,0.872970326659088,0.886250727857969,0.842535844002844,0.765842978090228,0.638632013682439,0.5072162132245,0.330946016987606,0.152524452071716,-0.0483178061182354,-0.235369478748178,-0.414754206426279,-0.582279115685596,-0.735755278045328,-0.846490640009331,-0.927295216035751,-0.962436262019827,-0.964631674919616,-0.918326804459884,-0.843024914704569,-0.733015312164523,-0.587052152537932,-0.407216165598466,-0.228712756260814,-0.0405441749420224,0.154086421911586,0.335129982854251,0.513363025959508,0.650900214579682,0.756262044421696,0.848950035346215,0.88628913370744,0.883702025232271,0.840568741841596,0.765784760492628,0.658927835113744,0.505037836083043,0.342199515446957,0.149490958511879,-0.0463185695732355,-0.242268535827442,-0.423974473142563,-0.594113244359133,-0.735335560626415,-0.842964813726553,-0.920357296863737,-0.957949855608713,-0.975692346539127,-0.923615128455409,-0.837561289998924,-0.73319854213814,-0.579321606835953,-0.415388710286383,-0.24229010290575,-0.036339750233459,0.148621776793916,0.333648319887432,0.513519220859042,0.644683927612227,0.756132051115345,0.838140766166204,0.889078530064377,0.891324871338452,0.841796427616996,0.766848113477185,0.640318050510208,0.506454880682084,0.321684870508649,0.15830327546171,-0.0350052676383391,-0.237770390823777,-0.42444109668364,-0.577293709583682,-0.734771598812623,-0.857694302110437,-0.934112593495924,-0.969918880339168,-0.963650635662626,-0.933918408970454,-0.849711544479976,-0.722232988620466,-0.587028539182975,-0.420335713809795,-0.240121429446702,-0.0467753806008599,0.142673663157797,0.334297580684539,0.507227242299566,0.647519924219187,0.758092274947158,0.845955235871648,0.896428286480195,0.89019870880373,0.846850601015663,0.763464619867546,0.646294659297152,0.514262656510128,0.336988342905882,0.156635086824598,-0.0364608824504313,-0.23320770100941,-0.412827661304915,-0.583892018733986,-0.722575032299522,-0.851692592479391,-0.925945328479172,-0.969476933683258,-0.974999963772419,-0.924804917427313,-0.842967768618519,-0.736604136527442,-0.582161402562786,-0.430097773732057,-0.225123805163367,-0.0455164411157494,0.147849528803081,0.34416898748981,0.509113086157294,0.648088659639283,0.76234278096473,0.852014079827602,0.891093291068349,0.875149271084069,0.855696382563938,0.759524120298484,0.65665481171513,0.513154105713257,0.330067068897346,0.15089859139344,-0.0379298074787038,-0.239724973403766,-0.421813599621849,-0.592742956642885,-0.727418246932301,-0.839915163616666,-0.932393330588622,-0.970241483619695,-0.960309624470343,-0.914697246875864,-0.850680894003353,-0.739984648899256,-0.578555337448663,-0.425629002708683,-0.245490109479201,-0.040735608139683,0.152302051696245,0.342037416357719,0.502058035560031,0.647192825857681,0.771823439270047,0.841876076558326,0.885372531900457,0.889881337499131,0.83677115856461,0.768485058862187,0.648793566496418,0.507272045193384,0.339386779112895,0.152069288412098,-0.0475903347761844,-0.241510829879214,-0.415895498918823,-0.589387804459847,-0.724765680418428,-0.852594123833673,-0.926074996521405,-0.96220275591632,-0.965819997982016,-0.92343822905329,-0.850165339884324,-0.73528684405351,-0.592790480340398,-0.423566640219187,-0.242735167860091,-0.0347762447098719,0.150882860461767,0.332104255800985,0.50072891343911,0.652610509411438,0.760411694455061,0.855305722326585,0.879053218414097,-0.970270298976071,-0.0390968700695529,0.0504230352838776,0.249965925398772,0.42506472130693,0.589575627370238,0.698362836000214,0.808640986073179,0.864139772821861,0.8874198139281,0.873828010322021,0.801761497113729,0.719150863995038,0.581888696662098,0.424475912073424,0.241147390852212,0.0581313242647569,-0.136064898516948,-0.338301421956132,-0.504244580974635,-0.654217135006806,-0.799301315897292,-0.893521863155147,-0.952736525189523,-0.956330086456602,-0.949469327973578,-0.897173234503853,-0.792548028196923,-0.654868902539972,-0.507603074749243,-0.334584587550284,-0.126409929417161,0.0489507568958081,0.256898923044785,0.41078608792409,0.582653420691569,0.713158141358051,0.799137816525396,0.863283556858192,0.882703461212258,0.864405067482525,0.802820669115347,0.723534867612735,0.58109338915532,0.419411586094412,0.247868891953314,0.0570785653845853,-0.141753172268916,-0.323794843850172,-0.489896528495064,-0.664453245786701,-0.787311973300547,-0.880790193703196,-0.950881853022121,-0.965133538102669,-0.942839242177367,-0.884097308469777,-0.7939317335561,-0.663737630629092,-0.504812714468074,-0.32654168554469,-0.147687520351711,0.0538460403126177,0.250066075606061,0.423649456165387,0.574938001585299,0.688947131931412,0.796177264605229,0.842848266623605,0.864773551671163,0.857301563697175,0.79930611329814,0.698383218844305,0.577453914118571,0.41692995669391,0.234137330598951,0.0497158224949226,-0.139470709539788,-0.314238245466661,-0.497350136581992,-0.657941623888886,-0.777174488921155,-0.880835826579978,-0.941839418148832,-0.952527718712133,-0.934458079448176,-0.871098346388366,-0.77190290782269,-0.649409157311889,-0.492053719288299,-0.316526990978715,-0.119535192218636,0.0619352402116234,0.239868068699602,0.406934936810327,0.557470618463304,0.699454117286446,0.789102111742637,0.839683977983625,0.847578089675311,0.83670090496814,0.774821610894867,0.681968941696939,0.566923790468957,0.410529222500242,0.23689328361555,0.0524391429267629,-0.119005468156649,-0.322470709214352,-0.482305353920121,-0.636735383276014,-0.761385716187101,-0.861323165449633,-0.925046874477265,-0.947376625616002,-0.918901146780185,-0.85841519013174,-0.766511722965137,-0.642550388043434,-0.493370987284326,-0.322252916692793,-0.137698314054447,0.0537702136235027,0.227754683675684,0.399293040164448,0.55004298979167,0.668791233262716,0.769678855956624,0.809961002876822,0.832034793733608,0.814940203987094,0.769165168892793,0.664215255169221,0.542606992096113,0.388454225589303,0.232279549165804,0.0581577705191073,-0.126469228583338,-0.306089606428899,-0.484553149034951,-0.625505990635331,-0.741439709475127,-0.847366675757115,-0.903558999727724,-0.92079130598052,-0.895696815787802,-0.837320874494625,-0.746515191617412,-0.628512974582867,-0.480674299441063,-0.325562516680443,-0.126284218298238,0.0449466277957741,0.207533323011825,0.377437001832385,0.5196906544822,0.630835608365682,0.728645934742729,0.792964716974214,0.810860252730884,0.786448459015832,0.727759622804116,0.638203767603983,0.526767555025376,0.373113357219137,0.213135344922645,0.0630499005732142,-0.123781634981759,-0.307339678006937,-0.464488537097375,-0.604653331904932,-0.722045098754768,-0.803082517646101,-0.862161951656377,-0.881881517490265,-0.85772444726624,-0.811985105552363,-0.721965029718776,-0.589275421270618,-0.460497781551703,-0.2961650473529,-0.116704949135396,0.0357091820126115,0.22357062913665,0.366338450179918,0.494710433104938,0.614589154941272,0.689328765570417,0.745910802659693,0.760264610374629,0.752067141348877,0.687209242248232,0.616196520514658,0.493831055862615,0.356889749905586,0.198864581391207,0.0478516092741673,-0.131503495069125,-0.300194087857754,-0.442397818170898,-0.586787572214399,-0.685294272286254,-0.772983278341134,-0.830795525748917,-0.847083523000916,-0.821460110726479,-0.7750909156923,-0.688921250572503,-0.587105426994111,-0.441799169093783,-0.292329803458663,-0.121557587647456,0.0335437993872334,0.194228412590684,0.340713355332797,0.473743521811834,0.574271029538964,0.65971733057137,0.699942744401384,0.727977612272956,0.712663897929433,0.639639784663599,0.572586531785836,0.472367197703933,0.341818495873707,0.191849010565333,0.0445060535607693,-0.115705731711539,-0.277106403217108,-0.420006594113562,-0.539699744855264,-0.658276644833837,-0.74340642800309,-0.798066291929371,-0.801271720205543,-0.79329757150234,-0.741710825501871,-0.658055073136551,-0.545782855649225,-0.414525402791647,-0.287052840966098,-0.117888555065437,0.036197882991109,0.177500856240715,0.31478495089091,0.44214659922831,0.530642277808271,0.595058105765575,0.655846534865485,0.661063599001591,0.652437834613534,0.612132648003194,0.540082245612632,0.434172911434231,0.319398527783706,0.186608869290287,0.031548005080871,-0.107963982173216,-0.267302018159921,-0.390357860130277,-0.516347460469762,-0.614127275569966,-0.694515503226597,-0.738766792867056,-0.752336219813446,-0.741035284656729,-0.687183033900172,-0.61929422128612,-0.518331871804045,-0.397958476841695,-0.253657563617712,-0.123217271443583,0.0143437389337746,0.163712782964272,0.289900293514526,0.397237405610434,0.484320437931806,0.557097457691217,0.608057883422857,0.616740919629565,0.599379269952968,0.562652656616977,0.490710040776543,0.409504817141218,0.294519495574601,0.166914708121632,0.0278022976945901,-0.110362416028163,-0.245123467621843,-0.372525591438709,-0.489364333036343,-0.577467069524362,-0.629009017557034,-0.697466094692586,-0.698509542068655,-0.690426608435648,-0.634882193204422,-0.569371347673237,-0.480357845680073,-0.354445435340297,-0.247380491669835,-0.105741110637607,0.0294368379573559,0.144878765997473,0.267281446085619,0.356588526302625,0.441692636859701,0.510098278578782,0.543840526176789,0.552625952635296,0.543080347876286,0.506850486659442,0.4489601385657,0.349517456388156,0.264504946205033,0.149033571964942,0.0168909005676629,-0.106969845410505,-0.229948095287603,-0.347557021818915,-0.442371900108391,-0.535803083388032,-0.590659529774024,-0.621477063837357,-0.639232555582022,-0.615854697226556,-0.573768912886512,-0.526092855211383,-0.444208456392732,-0.338855379908366,-0.23402642616661,-0.0957680658434549,0.0173829803624109,0.127315005621401,0.230916519071613,0.327409036866989,0.386461177571583,0.445571348794752,0.468227262706078,0.487027663652434,0.472320469846148,0.443520178688462,0.399319136398439,0.322888321775647,0.235808312112791,0.118654274729552,0.0238389154764918,-0.0989921514096951,-0.198724918123852,-0.291371064743123,-0.391435190252105,-0.482340016241585,-0.513153915734433,-0.557833909973443,-0.582890227033559,-0.559496454127287,-0.528700911421673,-0.478905878774483,-0.400817236348756,-0.307754641997808,-0.203825540556285,-0.110866505432691,0.0108072006250869,0.099999179176188,0.192460260024337,0.271294751763952,0.33682493816209,0.385461622687627,0.407339697960936,0.418706959239691,0.415540225422439,0.379739988118624,0.337549075734994,0.270927979983266,0.193066357915622,0.0972365915433842,0.00631478650491829,-0.0804079603646767,-0.182990688157159,-0.267031872381469,-0.34708236167691,-0.421019777967819,-0.468340909590716,-0.489610223771691,-0.499120323382152,-0.48937383536924,-0.460512367595991,-0.415241623339087,-0.338582684815768,-0.276031419107915,-0.180065569238912,-0.0849570891076058,0.0103514115937276,0.0888947564960833,0.161400664645515,0.214370598567138,0.27103565238635,0.323744192051548,0.332561608340732,0.347831391796172,0.349846974241544,0.310017269755778,0.290514902481709,0.206383518014489,0.16303597217029,0.0840761721060476,-0.00917479681221643,-0.0763336017013229,-0.158676438416726,-0.240147094722731,-0.308944949495055,-0.364720657121458,-0.403252116585277,-0.418179650319875,-0.432094968214364,-0.430641676474755,-0.397043458350983,-0.365271344579309,-0.307125976876685,-0.239993608310172,-0.162941047166639,-0.0928406580621018,-0.011911715003059,0.0480478363243261,0.11897898259447,0.163646453619486,0.220501921161537,0.241390527106503,0.271926386910059,0.264445347984458,0.276073286048072,0.254702046622978,0.213539922743341,0.17045187289216,0.117247987173504,0.052610627576351,-0.00431117600175108,-0.0743090382089628,-0.142689603797549,-0.200331546274713,-0.258923722051953,-0.29359944796479,-0.32768436427777,-0.360488899870983,-0.368588457923272,-0.351818370926431,-0.334252777346416,-0.295173766788782,-0.253764603338222,-0.197964646296584,-0.12746556689368,-0.0635622806060982,-0.0090495056991783,0.038437920243147,0.0888467463423855,0.120632203403489,0.148362179859464,0.176709806468704,0.196783255292597,0.19805741440785,0.186828327856432,0.174002250797744,0.156142101418925,0.125913927171203,0.0901572986378797,0.0336928444690171,-0.0120229570383131,-0.0694860920053951,-0.114852400901095,-0.162573569423102,-0.1992122647358,-0.239850879081639,-0.26022780569446,-0.274841233315948,-0.287529482163385,-0.269064799876036,-0.265439826612318,-0.234043755357174,-0.198483958119832,-0.157452271081206,-0.114959276889153,-0.0631995031932979,-0.0258038774927843,0.00815589698582365,0.0321235006675219,0.0647069056697225,0.0911455654806894,0.111128713841394,0.120179862126857,0.126481299532183,0.114354748548023,0.111032187749342,0.0938353924500323,0.0632287270355228,0.0395007186704303,0.0121858823170955,-0.0372075451319706,-0.0592806331428512,-0.105256964642689,-0.115605775342717,-0.153835876542889,-0.162345116704617,-0.174410049449509,-0.190071571298587,-0.202853088530106,-0.187740110060463,-0.180455851760116,-0.173761502756495,-0.138689308391965,-0.117360601232588,-0.0884020360485475,-0.0435062267345234,-0.0350479909519988,-0.00643004581701724,-0.00891948824187341,0.0163030749720374,0.0262118785854544,0.0319788491491137,0.046525810988581,0.0414640252900835,0.0353464164820914,0.0206499033341066,0.0161737489590481,0.0204852040299416,-0.00827705868635237,-0.0198094258771666,-0.0253347684354076,-0.0457586620394108,-0.0648497986312443,-0.0813630383045067,-0.0980675327655454,-0.113396113477225,-0.116387538208176,-0.127786008181886,-0.128722267250513,-0.120518423673914,-0.109310814542727,-0.11006935434353,-0.0916804518479088,-0.0850119713263192,-0.0691320130901054,-0.0361890165903244,-0.0372021509150788,-0.0419128484349128,-0.0394412849614639,-0.0431199139285854,-0.0377560181560953,-0.0394786095047481,-0.042411485785933,-0.0464430066317715,-0.0417076699884327,-0.0431829471465201,-0.0317304696189736,-0.0387949285206899,-0.0355449138598669,-0.0459979966855191,-0.0477518130696005,-0.037529962055959,-0.0380098157405875,-0.040934695991675,-0.0500605320142719,-0.0247558968091974,-0.0422568566890225,-0.0402369694579308,-0.0518588583492299,-0.0540088144816504,-0.0454777070187971,-0.0428234147942241,-0.0325582924345192,-0.042320567222129,-0.0390543234877884,-0.0456389017627182,-0.0550153141669722,-0.0712917035699792,-0.0794948354982014,-0.086726850204942,-0.106806296319352,-0.119621682333265,-0.111572677235304,-0.127130766916515,-0.123940778930263,-0.117597135659294,-0.098112320548821,-0.0878216400216697,-0.0896828338528038,-0.0692588161027164,-0.04096200239621,-0.0352397312787144,-0.0145549401701723,0.00482102003054626,0.0148024818362728,0.0240288116114346,0.0282907271382057,0.0309703107651423,0.0414375981587018,0.039568684805968,0.0334222940232984,0.0378471079005121,0.00844006090039735,-0.00402463678671196,-0.0232431459891191,-0.0202031148083777,-0.0570235247633909,-0.0928750593016614,-0.126407454325016,-0.157267300312317,-0.17010285261486,-0.182250028072245,-0.19564023613732,-0.198167357486114,-0.188252834798725,-0.18214589532776,-0.173672516255212,-0.153893093894377,-0.117666385200077,-0.0815956584420529,-0.0521529867033692,-0.0227649355967859,0.0125322150212613,0.0387407113055769,0.0772712830452425,0.0931712586859359,0.0978634056016933,0.115940713486562,0.11334363765956,0.111029839930951,0.10333533973825,0.0862098006827219,0.0691578520806959,0.0442524393918285,0.00916385670907602,-0.021991466349492,-0.0615415893769061,-0.124850344724271,-0.171253986322143,-0.213142683091074,-0.232886920801064,-0.264073231109972,-0.278311648659916,-0.288519428439654,-0.271306156874903,-0.252629801533468,-0.237869868843422,-0.195044576793929,-0.17341257936135,-0.11338338240036,-0.0596103205113258,-0.00766168694676467,0.0450949907281373,0.0919368166542637,0.120495415016202,0.136466460248216,0.179040472616437,0.189675389736501,0.19855465116365,0.201136624794817,0.180824124287019,0.165776643783111,0.119701128161916,0.0741637445663063,0.0419970490500438,-0.0170922936994177,-0.0770920335038289,-0.134871900839648,-0.203585204021074,-0.257164663917412,-0.304057515211831,-0.332142719566956,-0.360788463228822,-0.360683644763621,-0.361490788371412,-0.329076002528936,-0.293528751670633,-0.254640957733463,-0.197704242430868,-0.147095962767253,-0.071263129798303,-0.00648222839933934,0.0587941663938034,0.113016836644119,0.1735958416367,0.219891004211212,0.246046999471529,0.271670692213654,0.276970876582443,0.276950510393892,0.259654038143911,0.225949628370794,0.173714648507024,0.125787783549021,0.0518808417111137,0.00136644482376512,-0.0802397958782908,-0.163521691540529,-0.242004350695225,-0.304340064231184,-0.35387150779133,-0.39428561839188,-0.423196091937295,-0.435391412040381,-0.43858534001406,-0.406412990334567,-0.357102106899328,-0.302777442452837,-0.242870520715475,-0.170473061632146,-0.0788433768290134,-0.00741626524725189,0.0797488161891741,0.158529497193916,0.218637927724461,0.282921042969637,0.323323625189295,0.343248028407303,0.359297285300169,0.351524410871267,0.312815676526356,0.276280252718127,0.224128800096208,0.155956194407362,0.0858051571084879,-0.0030059164321405,-0.096946089160219,-0.182811769520173,-0.284727584889687,-0.345102784987118,-0.416716455686433,-0.465401059812321,-0.495979153257862,-0.500385355929664,-0.501318338094839,-0.473563950449378,-0.41402753449859,-0.363662045906635,-0.277426098338828,-0.188327026490986,-0.0938865012662464,0.00644674001166296,0.112486716495523,0.192703901191961,0.270226232159626,0.341550280712336,0.38371809219371,0.411997854872226,0.426730190875012,0.41093684622989,0.378754901947168,0.340441661613857,0.267597488462185,0.19868218775353,0.103308259480789,0.0143859836001832,-0.100630055152335,-0.220523131836309,-0.312803022774269,-0.399336249637076,-0.479774177375788,-0.526625676125058,-0.5577476699077,-0.577336439068463,-0.560695014345553,-0.52471185944587,-0.468941715952994,-0.399867997193509,-0.299289851924348,-0.212811717696397,-0.0969176957349906,0.0100466387411379,0.116926480472915,0.220406700402062,0.32017868204653,0.393644938156344,0.451755162530498,0.47554065525431,0.483491955130642,0.484613784288781,0.449850770209901,0.402219941236838,0.313200196181747,0.224452598667887,0.136931526185082,0.0169173047850835,-0.0948205876150106,-0.233054283162461,-0.33951914628424,-0.449434720745572,-0.523868865038284,-0.59109342678581,-0.622694126285488,-0.642597824920012,-0.620553285739183,-0.587565766583464,-0.510308984248946,-0.440623543241157,-0.331006907583309,-0.234783473489116,-0.104326331528621,0.0273760796162365,0.147567100462943,0.253163394073016,0.367243484622075,0.438811483920325,0.503340448166866,0.547077150252149,0.552993431599474,0.5412252485473,0.500452258751287,0.432139845952936,0.363430192522639,0.269424207828769,0.149753023455523,0.0178901085525234,-0.112107188476391,-0.250737716714868,-0.374299279560905,-0.480194201048834,-0.571040643387534,-0.635232255672722,-0.686307834811659,-0.704821400621046,-0.680724733803571,-0.634469680938059,-0.567313486989511,-0.472984702431237,-0.373973853288617,-0.240277983436993,-0.115635917453366,0.0298542830973439,0.167643581273559,0.303977447567691,0.405274839820305,0.496703545360299,0.551165162019379,0.603427270211835,0.614615157681652,0.597102483264416,0.558734860432815,0.488241226196848,0.40313401306588,0.282413183955682,0.163587954004658,0.0309749690498762,-0.113362684730775,-0.249542560944778,-0.399174665237475,-0.50219491583325,-0.624776263084939,-0.677593183675997,-0.73835158459287,-0.74651655512982,-0.738478159603024,-0.696566942709206,-0.62955368752168,-0.514468957090317,-0.39656004552083,-0.261825976957744,-0.118406365713738,0.0251698802405304,0.178069054927289,0.319266278679793,0.435504968224619,0.538888463741231,0.607222575316664,0.656507821340603,0.670445587579554,0.671721789061497,0.606188971213477,0.531865432671799,0.425590131959999,0.324314490054852,0.177551273106047,0.035011206154188,-0.124809454481682,-0.262570514883301,-0.420456437930826,-0.547167823352299,-0.660968193240078,-0.73132746259063,-0.793429546925197,-0.795187732746889,-0.781389858613551,-0.739850655008655,-0.643762048052368,-0.541397356310688,-0.425129392002691,-0.274016673886507,-0.111510513858799,0.0431694382910954,0.187546504107648,0.345964589155006,0.470531287774833,0.588003333692546,0.661944017937013,0.698376718695716,0.716074702540425,0.712980565559784,0.657107397719668,0.592200407071128,0.462039645894146,0.338623139129549,0.205192133420999,0.0402779991930167,-0.111690091836191,-0.289681349169539,-0.440670605442856,-0.577245462855893,-0.688434317529928,-0.777514896758656,-0.827126728467465,-0.844788612895634,-0.832589527408302,-0.776224447685753,-0.689979341810645,-0.572019747585782,-0.447253714565126,-0.288807964498619,-0.120464195227891,0.0530789439937374,0.204164781951015,0.360637517638127,0.492578399352525,0.619805882845274,0.70175058035199,0.748549759158035,0.767922954735879,0.734371250778456,0.692448566370676,0.607490734172788,0.500209975242847,0.359121639054422,0.214503478800073,0.0460327176185041,-0.120586650068297,-0.297640922324306,-0.449587577593509,-0.604120922178271,-0.718323116477231,-0.81519558834068,-0.861484789041413,-0.885484103574805,-0.867798713922579,-0.812095780040312,-0.714396475474633,-0.603663175816565,-0.457576767893451,-0.298149921454296,-0.128851388677306,0.0409448163694725,0.222964036799794,0.394609653026642,0.52169644371946,0.638921830162157,0.722586662589088,0.783139280369649,0.795993505632399,0.785096014412599,0.724406950673344,0.636407725257281,0.517254420897923,0.378009849778941,0.217757350672719,0.0463806453403987,-0.122177688250975,-0.307986666348605,-0.470449566857324,-0.631629142334103,-0.747810049351578,-0.833317174462471,-0.893755669929669,-0.904256143940492,-0.898304869068841,-0.835423028169663,-0.74003381442904,-0.625045104285861,-0.46694195871349,-0.304843349630928,-0.129118231085139,0.057082633278389,0.235431208283064,0.400208963803181,0.542831679933889,0.667891825313255,0.755976386276992,0.813954234103505,0.839235128159773,0.816176876205902,0.759677898109632,0.665057693905924,0.54798000111292,0.380844611775882,0.218292256039431,0.0618899540966584,-0.135643704599974,-0.312834237360558,-0.482205358242875,-0.649011411451726,-0.759608620446074,-0.856881863658776,-0.91616909024124,-0.937157734673858,-0.912587376747853,-0.865612108819288,-0.773183289178168,-0.657293831908299,-0.47657699910623,-0.315690740957874,-0.135377520505844,0.0568777257899145,0.248146416280513,0.41003298208932,0.553603596442293,0.680536837630286,0.782762056651029,0.836699505273142,0.857854976412357,0.837822045395787,0.784379510986954,0.677846929640957,0.570634212992905,0.412793962125008,0.238205366277427,0.0423988484360947,-0.135180975560294,-0.318481398942954,-0.497930296697069,-0.657055647480062,-0.786412286602114,-0.872579369280221,-0.937920747375582,-0.95844357372636,-0.939025359069705,-0.88201952807908,-0.774814634249606,-0.654582590787331,-0.507787933780795,-0.319155945801096,-0.131744895841407,0.0557576840366376,0.237124223348703,0.416844990226541,0.578303431341381,0.697511698882391,0.795710667281939,0.856506648643461,0.873295637372444,0.858362341563747,0.801132279371547,0.699520688372088,0.580904229929593,0.412620658451663,0.233523754754041,0.0530476566441514,-0.134410236543323,-0.329361043727425,-0.499940803015279,-0.653349592057674,-0.786501773047335,-0.894058462742266,-0.94632647930947,-0.968522867604293,-0.950343187246441,-0.885930618500487,-0.783522120412723,-0.662396348009597,-0.507766286329136,-0.325973081378183,-0.143228070110948,0.0442438835478796,0.235282293360156,0.427402160796095,0.57885710561655,0.712385398884075,0.805886786489319,0.873938724403656,0.87974942904056,0.867964772399113,0.806093348394739,0.706166453030176,0.574115701877406,0.418079016584898,0.253513638103206,0.0567412213067329,-0.138151700814434,-0.31718778034154,-0.491053063921826,-0.659174444795014,-0.794954993447398,-0.882862461556554,-0.950679162650471,-0.962994199022487,-0.951264574629337,-0.889043611760483,-0.791806730577903,-0.660788281255626,-0.501638768378009,-0.327184444497344,-0.13943344061967,0.0507191924437898,0.236114266554652,0.426989552617186,0.5919440045365,0.706090104043468,0.812084986296903,0.866670800443175,0.893446354976513,0.859228535418232,0.813783415120433,0.705832734956933,0.584050841354675,0.415291108834063,0.254061636382851,0.0659580643745851,-0.048446865816349
-0.147772123992771,-0.0563242864006159,0.107965562959759,0.267813279443942,0.410601195547184,0.512471523140761,0.595715318445733,0.664356640720387,0.686768128736888,0.647882170655081,0.619357709036685,0.516479197349158,0.409289362608693,0.259650274832064,0.10219312029246,-0.0620750608908434,-0.2290037756351,-0.407617643149281,-0.565081175388532,-0.712379450389619,-0.828875167064336,-0.912559002853763,-0.963164934657834,-0.984588603047652,-0.965981300478798,-0.90306917237725,-0.828917793677755,-0.696580109848248,-0.570826314864776,-0.414855902570022,-0.237995188949243,-0.0765681527548524,0.0956671196173372,0.256850812280232,0.382520756246959,0.508940497441255,0.60007314060799,0.649221595644004,0.670533820144169,0.645878675899243,0.610122050535724,0.51599239101156,0.398726560389418,0.265114938619492,0.100228491206729,-0.0742474025280982,-0.232729935980755,-0.403720131699858,-0.581950342424629,-0.713043872406964,-0.812835824368855,-0.912790088420022,-0.970268866095742,-0.982871743055017,-0.963307480940505,-0.908352676131624,-0.819112030901764,-0.700256255616099,-0.573495883175093,-0.420270503741246,-0.23480522464582,-0.0712510551561207,0.0998159881204421,0.249281541293596,0.386908016750501,0.519391283791553,0.595051074764114,0.649935898481792,0.670566256941953,0.647174874238575,0.599372073007884,0.504577370926439,0.396287365735892,0.250630724069235,0.0949356753514518,-0.0650337125942398,-0.233601800006795,-0.404508640025467,-0.562585707871028,-0.697711162860743,-0.812375790864642,-0.902824367174356,-0.96321562782068,-0.96957988752207,-0.944468190600215,-0.906016574280198,-0.814337515306037,-0.697980866804065,-0.549045434756387,-0.418892467968831,-0.238717877317881,-0.0702517596552968,0.090626006469415,0.252827210165034,0.373739196480006,0.491846690845371,0.568375148517204,0.625462653721206,0.648454213660415,0.629637428782699,0.568147873142736,0.505771760430489,0.378078732296404,0.249094847041808,0.0954672415348844,-0.0682828033161571,-0.242337864704915,-0.400867893742533,-0.546938815760722,-0.686823498895546,-0.808323578972611,-0.88238175743041,-0.946417401280889,-0.959504723733458,-0.948807497749433,-0.889964758327379,-0.809869498509595,-0.691624536466491,-0.544556700695747,-0.392656386226896,-0.228655229599293,-0.0765058702024778,0.0990887576022164,0.232389560818853,0.37055403226841,0.481566696320789,0.571736660855071,0.612020177562835,0.630197396802791,0.611143031021815,0.558379502589497,0.475108134106947,0.378693383578601,0.240495504457514,0.0907905703050287,-0.0767289309027487,-0.237046328463859,-0.392819647447871,-0.545119840714151,-0.670567747385429,-0.773414489086042,-0.869973117315046,-0.916679648435,-0.941271786154203,-0.913777107536289,-0.869577339140804,-0.783758981862358,-0.666724163837169,-0.539875831815081,-0.39264039102623,-0.233268259346595,-0.0776672864574997,0.0840771488852695,0.214410002676125,0.343208094666608,0.458227241828614,0.533519395141258,0.582145500049127,0.596443879482293,0.577193135917814,0.5292052485289,0.455812002113771,0.344979577227434,0.215202199305172,0.0789154263975323,-0.0846684276523841,-0.233654205327368,-0.386662238701283,-0.524978617193559,-0.660092468707242,-0.753220071572978,-0.839820998564301,-0.888901011403458,-0.907256846271389,-0.886999825530117,-0.845030646831036,-0.765673616125609,-0.652040959539672,-0.532755576315189,-0.385058871318721,-0.229946602752799,-0.076467114361573,0.0659648948080714,0.205794151629396,0.333542815685609,0.423201387925861,0.510323236222159,0.545636225651555,0.553811871644865,0.551615462776248,0.51801855726566,0.428208854436775,0.332093766306137,0.215180157170979,0.0663856416981566,-0.0837487247398954,-0.228490678905558,-0.38398559408169,-0.508428963624585,-0.633777451031602,-0.731961528041011,-0.799718058946373,-0.85052822190313,-0.875255794790272,-0.858546930779099,-0.809470967846749,-0.72978783772195,-0.641064688556467,-0.510120122278419,-0.380998574938585,-0.227506607604329,-0.0869372223511281,0.0602399294265083,0.184947526968852,0.303162033676653,0.385882110913742,0.458383480759885,0.512815742025515,0.527865814276435,0.508559516744272,0.464074170254613,0.400276045040339,0.301947789857398,0.182366426059433,0.0543312732969375,-0.0830336276421625,-0.225818651612436,-0.366968750424113,-0.499354916161276,-0.605467796811167,-0.708161873058102,-0.772012825180303,-0.819024755493697,-0.828572856463961,-0.827233211788994,-0.777671136324844,-0.708172797631446,-0.601993487276053,-0.488672083939925,-0.365340759948235,-0.225348919582924,-0.0872387155946537,0.0426586339812409,0.162618011191887,0.283776772927399,0.364243715886651,0.422939885608795,0.465330270096102,0.489596362414855,0.46491943050786,0.420470971163801,0.361883818393221,0.264076627455134,0.161622259554491,0.0480685762223839,-0.0828983615308503,-0.226595746004776,-0.339234874966415,-0.475536995634732,-0.590890476816808,-0.666791107547135,-0.736777891789165,-0.772755877697475,-0.788979190180103,-0.781577188258171,-0.729464182293923,-0.666368667464213,-0.567940107186858,-0.465683052071986,-0.352182211902076,-0.222959272227263,-0.103989542934049,0.0270238586983301,0.138375062744294,0.235558072166374,0.313165659568747,0.391391588428082,0.414681178189771,0.431846703270249,0.414824373732094,0.388476963652352,0.327055598890514,0.240285917350263,0.141718011417123,0.0141198781349051,-0.085607457146795,-0.21456306060412,-0.336424583546989,-0.440427399875183,-0.544696908401857,-0.615081410726713,-0.684209515405763,-0.728468948650988,-0.736380815204509,-0.724230464589393,-0.684418909761095,-0.624756930631659,-0.543741929095001,-0.444035870139968,-0.335603354420082,-0.213877652908453,-0.0950270381281711,0.0195329818266605,0.104286264543179,0.200797925721855,0.270318425438301,0.327257750804495,0.371251932016603,0.376344876725831,0.364770853369066,0.330699943239758,0.279678245487298,0.200880886231388,0.107397582748058,0.0159297560972341,-0.0874364739935257,-0.217928087070309,-0.317815302849176,-0.419976595631395,-0.508991475649136,-0.576996904503853,-0.637926338952412,-0.669649312444914,-0.692160134376099,-0.681291999672624,-0.646913380002721,-0.580569177667419,-0.50459274165802,-0.423787108054109,-0.315223187092784,-0.213495698999634,-0.0968494166538423,-0.00751142281411128,0.0925964395887827,0.155134154868793,0.239214504372825,0.287375931305419,0.302997990123205,0.319097024469689,0.315568176626522,0.280412900468529,0.22729483233653,0.154330281719207,0.0803174008880321,-0.00801467898584306,-0.106011418256241,-0.205267215490345,-0.298860035274107,-0.37631741808689,-0.474047344447134,-0.534560891097643,-0.592113530010786,-0.616111888088184,-0.621888544965916,-0.613509941586628,-0.581817837665757,-0.524477802117099,-0.466329222003588,-0.379399425088292,-0.29313576629201,-0.197312333052408,-0.114271005358189,-0.0243742523195014,0.0517346616644717,0.126245104317856,0.177609387497889,0.229297611597876,0.255411094979942,0.26976857614586,0.24909164629921,0.222806522394858,0.175614584861475,0.122567933304996,0.0543449987171882,-0.0291442456868883,-0.109379274576352,-0.19509286363417,-0.284850411831086,-0.353406064142584,-0.430093937536091,-0.486075836897752,-0.530399085312727,-0.550481542259317,-0.57855842913117,-0.554163543623085,-0.532220118544002,-0.491761287584467,-0.424070321832133,-0.359289390877996,-0.28639420634868,-0.192888360396117,-0.129240664160205,-0.0443302568506355,0.0214298283002667,0.0769755944115064,0.124265870885712,0.154047080487406,0.175459462329213,0.201700679899456,0.181002381759719,0.159215259410157,0.123954412165032,0.0750234411135862,0.0168301388805289,-0.0397860200177171,-0.117678840804464,-0.189198383729317,-0.255328912821476,-0.323344119263446,-0.389314341699736,-0.427843567252758,-0.469371168994505,-0.498915289282463,-0.504400249625914,-0.489166616807958,-0.480493783111275,-0.44095699502178,-0.381143433184237,-0.323394739930632,-0.269545325050448,-0.18280879141441,-0.130287505864919,-0.0722100769100842,-0.0125016271693336,0.0327286220984441,0.0718255915292836,0.100902639780309,0.124739726891049,0.131220890207985,0.118353977848861,0.096696107805964,0.0749551323928223,0.0347933603275658,-0.0197119689625367,-0.0691474474954729,-0.121223550798266,-0.190846250364554,-0.241233067124153,-0.290592447237713,-0.345227265694342,-0.383777499850161,-0.408506157703419,-0.422305201360305,-0.442438678832672,-0.429388847046351,-0.405899684219026,-0.388305962180944,-0.348654938977466,-0.289131881779706,-0.229528984650386,-0.184743078901849,-0.13153218220567,-0.0873441663224125,-0.0423636223348743,-0.0122427318550873,0.0159728593882274,0.0395600650396719,0.0537142001780999,0.0548230201641065,0.0506985012082397,0.0489781341043772,0.0207698913648062,-0.00895232480801259,-0.0537990680793159,-0.0903242534993501,-0.135888639542072,-0.168043360586411,-0.213313391607118,-0.253425532427815,-0.298630539313811,-0.322526472117375,-0.336699879873755,-0.364993628173375,-0.36150168329128,-0.360057077482324,-0.347405568413404,-0.318417431907558,-0.29903251564421,-0.252692094846529,-0.22129856175154,-0.181708332641127,-0.138424966378886,-0.115033246858547,-0.0839832603389821,-0.0551902793763782,-0.0399694492801175,-0.0228385522232735,-0.0259212427827061,-0.0263021538020188,-0.0202946579943046,-0.0396141121375009,-0.0399075396721471,-0.0609538430560327,-0.0823704563252151,-0.107008531178909,-0.139940424962565,-0.178635661685099,-0.189291349058121,-0.221700851063655,-0.258982973187345,-0.280930415356135,-0.281719817593438,-0.290840626401441,-0.288537484353422,-0.292495787258577,-0.282366952011584,-0.281948787248856,-0.253177521236036,-0.213693101354447,-0.199538382144882,-0.17045984797959,-0.140012035001989,-0.135571957852449,-0.121805251358004,-0.10488757021903,-0.0989273172267866,-0.0929567467496874,-0.0865224789815544,-0.0875316763656874,-0.0933054945097653,-0.0952489008244514,-0.0881971565737659,-0.105567561900303,-0.109794006267123,-0.13251900879921,-0.148090107433595,-0.161908856652518,-0.173569686377482,-0.180738281704715,-0.199236447290766,-0.203631889766704,-0.218915211320332,-0.217825325658791,-0.221935822744261,-0.226752999839292,-0.215692723422559,-0.204939327550614,-0.200016854709379,-0.18176217789421,-0.175693629537731,-0.168412849195679,-0.150789625366334,-0.149613399930301,-0.154837690888485,-0.159176953644273,-0.155630573762864,-0.152525042156593,-0.147384380774869,-0.154934961786136,-0.152203848615127,-0.160062589148532,-0.155569395198146,-0.149044912623507,-0.164508641467209,-0.150564665304209,-0.155383418389212,-0.146988642538164,-0.158788383623985,-0.15193522196704,-0.158660728801588,-0.155429909456848,-0.151636039614882,-0.144559974030541,-0.146810175970395,-0.148731171322329,-0.148207863990383,-0.147735890342616,-0.139045394597244,-0.153366622905845,-0.153210423107308,-0.15596266874833,-0.166638290982377,-0.181943417715592,-0.190830913710855,-0.206593402693107,-0.211277721843627,-0.221051087578797,-0.225351322183813,-0.227237541479089,-0.226152305586333,-0.224963977363524,-0.212997076992955,-0.205755267863656,-0.187728588404676,-0.172278347933851,-0.161045546900747,-0.151825568595009,-0.124046156944302,-0.111150025542271,-0.113068097473168,-0.0889417152134228,-0.0850506383523374,-0.0736372668765185,-0.0798366835547167,-0.0806718282373209,-0.086422556918972,-0.0965141677418313,-0.115432963571641,-0.112546811160623,-0.125116788598959,-0.139513381970436,-0.179965907820419,-0.200706010268292,-0.249184583267798,-0.258385676131205,-0.272485840146928,-0.291904072383812,-0.298396732587105,-0.305084584702274,-0.301244743348421,-0.297569748135132,-0.291542384133235,-0.264198590481973,-0.229677910990559,-0.195386604594782,-0.164995203488334,-0.13750466475579,-0.0992509077098556,-0.0807003114551333,-0.0512876017868901,-0.0211711910141072,-0.0160669408081557,-0.0137914610921006,-0.00894002580469723,-0.0069783238865559,-0.0180148564073919,-0.0374078163236692,-0.0624520394834503,-0.0777769319196553,-0.110743428593662,-0.151834478305677,-0.181493177000428,-0.226349249110664,-0.266710429694619,-0.307283653396654,-0.32090226060318,-0.353700907063452,-0.373402244468492,-0.381676637013534,-0.370219775923093,-0.365381912660867,-0.328670691100119,-0.303329212170631,-0.263053060013173,-0.225411182575734,-0.181352738995216,-0.123210191296154,-0.0843161197499565,-0.0287864856953117,0.000741946132220611,0.025301980182586,0.0444718259070716,0.0618013993098364,0.0629041360978277,0.0579753373556562,0.054698530779917,0.0245491265587139,-0.0178977867101279,-0.0450600216700609,-0.0849722830381913,-0.135100973555155,-0.176641435141507,-0.232593420203691,-0.294141798993615,-0.334178403625292,-0.392373631845606,-0.424972685028168,-0.42348784131163,-0.438673393625177,-0.437036254250287,-0.419270918680242,-0.383358450385021,-0.333334383044861,-0.304291515964173,-0.249853261505153,-0.192346513213785,-0.125028370788965,-0.0652629185487506,-0.0205747950778261,0.0303970810790059,0.084612635612645,0.11543150037469,0.130423140794044,0.13460428357284,0.12209039745424,0.109934462744115,0.0866887397994719,0.0413503760049827,-0.0122748802790044,-0.0633981449165637,-0.133595477698988,-0.181014340269576,-0.266203455920286,-0.332882597528002,-0.38427685278211,-0.441292708899564,-0.477551306164804,-0.505693192981655,-0.504168721780321,-0.501255644188173,-0.478562686304784,-0.44484390825934,-0.392642826443796,-0.331732374737397,-0.260487006036909,-0.192104123229031,-0.113677442419935,-0.0462114201001093,0.0292842509203766,0.0865563384989339,0.12444260709454,0.167116807223892,0.19420261897177,0.192337267764373,0.186705403672597,0.173721753725857,0.127407104588006,0.0782087127110821,0.0334572910387699,-0.0324992667725515,-0.114962639979478,-0.195620633827268,-0.285823101832753,-0.363024645390589,-0.432746971297304,-0.494186667528856,-0.542523496791747,-0.563402279829002,-0.571807437213472,-0.561734298589919,-0.542132353247254,-0.494557649905687,-0.43912193852311,-0.365902785188486,-0.280598410958121,-0.193568171921275,-0.114009742567225,-0.038025858628749,0.052219828454141,0.121522223036234,0.183429669658466,0.230516109034771,0.251967272701918,0.284389621762477,0.262970015088293,0.224073726822446,0.182740323934143,0.133359121449729,0.0620331774626953,-0.0292084272728664,-0.113318973112369,-0.204512870713654,-0.298226013927442,-0.395462481968509,-0.476474331799234,-0.532835205768322,-0.596748985451996,-0.611137044519002,-0.628807631670719,-0.623569196032778,-0.582651679480698,-0.55296240720546,-0.47553228565215,-0.398287238420207,-0.307852612217922,-0.198765404838991,-0.101426795867951,-0.00644090274467788,0.0916641079117117,0.169716957430989,0.231114550107546,0.284489231706617,0.317577204120878,0.334060905549662,0.323794296050834,0.286057593921306,0.237949079401757,0.170720774053538,0.0828768922812218,-0.00497655218088855,-0.103468853685423,-0.2101519347711,-0.317484847610898,-0.420997526630375,-0.511128102028325,-0.595249288973815,-0.646513053138583,-0.676905993229586,-0.696910233493681,-0.668475792920605,-0.641113609472103,-0.592970002136817,-0.506579823729062,-0.418481528232424,-0.32679562740288,-0.213434084116782,-0.0998003413679258,0.00620129972579617,0.115601123572731,0.195899545046291,0.283143238560222,0.335338020250338,0.386240002060456,0.383835812757478,0.382575918454282,0.330449516872169,0.277915683980067,0.204760521187603,0.118035463362983,0.00994168973687308,-0.102024418639255,-0.214715157724806,-0.334441871654559,-0.455907705583086,-0.541895180888498,-0.637651985895643,-0.70348860236897,-0.727965159481768,-0.743491237060338,-0.731342906922165,-0.695429484070094,-0.624477431971597,-0.547101557948087,-0.452155826818256,-0.320363379248939,-0.207501491058425,-0.092109097479527,0.0234850479360386,0.136289564004641,0.244927867652275,0.315666787490045,0.377167268856489,0.429884011347545,0.432851489425779,0.4128056458915,0.376806972634887,0.326018551105185,0.241113539058717,0.142589826480591,0.0308507439363684,-0.0853129266467126,-0.218853290725615,-0.350026195190553,-0.477365681497195,-0.594959477702506,-0.670731864831589,-0.74606806527986,-0.778240490217848,-0.786526834689918,-0.789233755561564,-0.753076914562021,-0.668861894139311,-0.58115229826616,-0.483765880890499,-0.348019573853877,-0.228110557083595,-0.0981316158140505,0.046584813888247,0.170230358731776,0.281904327876655,0.369361034923345,0.41989694083543,0.475791295844964,0.479486146553189,0.465756079918726,0.434523662598853,0.36423782573384,0.271403413237361,0.167930261496034,0.0493945445612377,-0.079530592207963,-0.223658435656735,-0.359952372623162,-0.49648794097951,-0.610095766124816,-0.715931746802717,-0.78533164798792,-0.818366573808604,-0.838671807785191,-0.817918509027758,-0.772874208429846,-0.698492857852969,-0.609212865894172,-0.498038472475114,-0.372555510034028,-0.225861157227965,-0.084267471325926,0.0591559539859728,0.188048006662342,0.311917374929938,0.396465748658365,0.474202323362841,0.51426654590163,0.521391018549629,0.514344035497946,0.478042993713679,0.39763337942194,0.301984372576117,0.183518300479258,0.0681435109256774,-0.0800398951662747,-0.239545435753594,-0.392583250372086,-0.509585008755517,-0.626474929851994,-0.73754502073233,-0.810779943588595,-0.85800969199698,-0.873781370545991,-0.871665571251371,-0.813005429160799,-0.734141368084088,-0.632644293122371,-0.504134712095358,-0.389793372412727,-0.235349316396277,-0.0825911300221185,0.0621479670546681,0.203931888376052,0.334741712088755,0.419781493344627,0.498568789071395,0.550998101990381,0.576157350330725,0.555519050474769,0.504383440564592,0.430786048215027,0.337608899445656,0.206057219793223,0.0662474923213238,-0.0887198765949589,-0.232001933800837,-0.37544191199145,-0.528729428497851,-0.643859089498517,-0.761127044655146,-0.836635147055262,-0.895330632982742,-0.912424029153762,-0.894129472280254,-0.846857672239065,-0.767225436987878,-0.668709494409412,-0.526658855734712,-0.389949172570642,-0.235613996888539,-0.0789740698829105,0.0805777830741945,0.227830120439946,0.342195413480193,0.456904944973442,0.536000726247759,0.599302238826711,0.598247013540488,0.582137629960381,0.539701454462835,0.447644348085136,0.352180597601377,0.233449781520935,0.0785905281614036,-0.061390338575315,-0.230124160923427,-0.401042981061455,-0.546509299791559,-0.687053104967453,-0.786284872411877,-0.86133153468912,-0.922593861667029,-0.934538042204128,-0.923968593073921,-0.856867133738473,-0.791136808363084,-0.682007888216247,-0.543518473914067,-0.40087524124401,-0.237534558258417,-0.0748069610800912,0.0906849063032795,0.23566499905315,0.36718968247308,0.476606665779343,0.559792840802281,0.615860117080733,0.629471919014732,0.609527182509912,0.56570704072549,0.477958510065423,0.367765395897227,0.24139503883623,0.0818420547119191,-0.0743504513504187,-0.224860437202936,-0.404936796889738,-0.557741183602051,-0.680564484604277,-0.809365681104665,-0.885474973649404,-0.934054389954506,-0.952984043396544,-0.941020653531761,-0.886985571830847,-0.80722328388393,-0.699189709931838,-0.555782712511897,-0.402977485028202,-0.240097933937607,-0.0750722025894008,0.0939844892943231,0.248445984493926,0.377815510512713,0.498235420896089,0.585853022391388,0.638092038347306,0.649364156307774,0.635170918225898,0.584912554926838,0.505922344677817,0.389253856785731,0.250118722511598,0.1020607588709,-0.0647578630373215,-0.239499686193834,-0.398958453228895,-0.567196048751565,-0.690610579137861,-0.819111638449691,-0.885508007017741,-0.96100547085857,-0.977736718608558,-0.937290598738331,-0.898270062370597,-0.81638786202191,-0.701704586495469,-0.565438708005214,-0.405802619636559,-0.23931105621795,-0.067282592067429,0.0915090077979706,0.254454564574086,0.388474765881867,0.507435637165223,0.59431716989542,0.65760996334092,0.669394811431816,0.648434044875513,0.587464060022952,0.508101298567731,0.396192803825891,0.259924749170887,0.100496858970521,-0.0751034310887242,-0.236084068060226,-0.404404211961661,-0.559570288010824,-0.699660183056452,-0.822117230783773,-0.89407658237138,-0.960968047288509,-0.992948480780372,-0.966162284749316,-0.908434021015915,-0.808746189281949,-0.703407021797434,-0.566610023287403,-0.403292221409335,-0.238250641559244,-0.0716830277044122,0.0982095875520874,0.255764564145926,0.39351836592782,0.521939947784235,0.605525235474395,0.644370325083633,0.678570349112151,0.647425692429341,0.595711946972076,0.518525865312906,0.399997778286239,0.253204828438238,0.0979978188489504,-0.0724720180860673,-0.239579926112147,-0.42430700489965,-0.578650009008318,-0.715573353140567,-0.824108851785743,-0.91523981581601,-0.965901446011462,-0.982896568372565,-0.951232907388306,-0.911948194928107,-0.826096558631692,-0.710279538585725,-0.571859238252973,-0.409165166816601,-0.248320942348101,-0.0667515442095833,0.103191944492198,0.263574309922521,0.395989924537605,0.514253022643382,0.59574513045317,0.656004696669753,0.673772245503522,0.670078010212562,0.629420276182061,0.517759332144392,0.406124398453698,0.256294946558093,0.111977341396757,-0.0537484451670143,-0.161160825345154,-0.156453862533632,-0.148826666468301,-0.162500707694834,-0.162772575296137,-0.162830264332454,-0.158996505270302,-0.16118848660048,-0.14743186044757,-0.150608957995788,-0.149998756566655,-0.150132773725565,-0.147233394349231,-0.146856220909965,-0.159554465594321,-0.159140612953756,-0.143658672752483,-0.15448987888973,-0.161269151321969,-0.152807241742366,-0.160438649039561,-0.155367101737486,-0.14486570195532,-0.158000929207488,-0.157225965975064,-0.152761548141435,-0.150834067208751,-0.160755497434425,-0.164973561938583,-0.164755267971157,-0.151428893685683,-0.153856595766314,-0.152348717011285,-0.143736940100992,-0.108887249194216,-0.110748498682102,-0.103929011204801,-0.0889774764204437,-0.0849362521911372,-0.0911858851513158,-0.0831258742666663,-0.0869814276660865,-0.0851241887881291,-0.0967615418617817,-0.107843472565565,-0.139392967541479,-0.152763494608589,-0.164593708767928,-0.163143240202726,-0.192589383572646,-0.203325689503892,-0.212690482059161,-0.210128940579206,-0.23138167016379,-0.223676472090038,-0.228103054569999,-0.235267600021669,-0.225115749129183,-0.207163662610355,-0.193754270627629,-0.180165613527354,-0.15746419001311,-0.143727411320971,-0.117272518862219,-0.0905531566493756,-0.0613808764574714,-0.0474036613157468,-0.0147396905817976,-0.0177098628131219,-0.0174131466849291,-0.00613441355756688,-0.0152727327865129,-0.0317425516263622,-0.0425792630402859,-0.0737480908096102,-0.101615716375804,-0.138680359148187,-0.165895350050541,-0.188649806873498,-0.220691053672357,-0.239988373911013,-0.275814807355519,-0.28781452500088,-0.298114775519674,-0.304041303023316,-0.286816714425419,-0.287172319443493,-0.269946611921083,-0.254169125800803,-0.228928387017442,-0.213323008073158,-0.172783428083767,-0.138131151006135,-0.0878799657539327,-0.0695069296088183,-0.0101922438481411,0.0131626300880057,0.0449582292686754,0.0579027891946615,0.0658990953522908,0.0516871310709622,0.0576696241956973,0.0110566470986638,-0.00823957567027987,-0.0392101208027482,-0.0846954040008266,-0.114701224706379,-0.176304435111711,-0.209363275028179,-0.261259914354532,-0.28852416301612,-0.327550904608353,-0.354568194005588,-0.357800037132379,-0.365113198603159,-0.351499838808395,-0.346605592833042,-0.322841445714964,-0.305285964634296,-0.25747985103122,-0.225230908579849,-0.18408285732536,-0.133345874630044,-0.0779052852958215,-0.0123106292828058,0.0406678831882125,0.0658112161543569,0.111867339856712,0.119993026298261,0.120588320485888,0.12439759418894,0.101834864281238,0.0856265530909544,0.0402301730122108,-0.000910508131124125,-0.0617615235906939,-0.121056862746197,-0.178428830627436,-0.231964916116399,-0.292147459960543,-0.325378428102324,-0.389395004398345,-0.418663170712163,-0.427219789857719,-0.425983041528925,-0.431630883780636,-0.423781448887498,-0.401465044768903,-0.352555349637265,-0.294425865391279,-0.247670209416584,-0.196719332505721,-0.124940506467936,-0.0536235423587603,0.00517054260271477,0.0753301971965775,0.129448943041896,0.170968755634623,0.172170208296522,0.198217672540317,0.193526962830768,0.17019718450496,0.126735851333829,0.0865596659034977,0.0317049278872481,-0.048063139436976,-0.113954072320286,-0.200243768891659,-0.260368559889385,-0.325845480199056,-0.389503271606096,-0.436990355258118,-0.469387786508301,-0.497573191632874,-0.49547731571843,-0.495306793514982,-0.475842877717544,-0.440601710304519,-0.389665590309849,-0.329119270238485,-0.259076246632169,-0.18982926978523,-0.099399849144844,-0.0214910483613484,0.0445427001180191,0.119533760662835,0.180747890970332,0.229801240670012,0.254325884918697,0.275032014940558,0.258349671292573,0.229845815014059,0.176404986711876,0.12260125791316,0.056372686388189,-0.0193488001052493,-0.102316851241154,-0.194589601790257,-0.275787704232812,-0.347164441193858,-0.420845361984675,-0.492895499567742,-0.523043583487767,-0.565737172199986,-0.571206595229249,-0.550979104815259,-0.533899543951393,-0.491008217725342,-0.444564659644936,-0.3714548394111,-0.281581176745132,-0.202490358856726,-0.107719387959426,-0.0156907742360898,0.0708847242486569,0.163184666504496,0.230627105195131,0.28598930792278,0.292275301000175,0.317346285207653,0.321118044189115,0.277485195633489,0.234574218414432,0.166059823351072,0.101664623077915,0.000837677950698971,-0.0979898676588636,-0.196928045951669,-0.307427624335039,-0.389840918835277,-0.467992590434299,-0.544007311757654,-0.592993444399247,-0.618226902895043,-0.631898319276422,-0.619016692061273,-0.5784292736251,-0.539388762558815,-0.481583620344635,-0.393657187223603,-0.309340155357988,-0.212334296419395,-0.0999248288802235,0.00550972543934409,0.108741768171135,0.203390836589016,0.275780760018974,0.329874919576176,0.376574447355686,0.383385855422211,0.360563338315806,0.340671272672767,0.279653653214716,0.208139924846829,0.111412632741198,0.0199421724104163,-0.100556946543829,-0.204157475284921,-0.305800840267473,-0.419672461019951,-0.517110624473824,-0.587497069910417,-0.646290288304686,-0.66808913262086,-0.682646525493733,-0.676688497583766,-0.649401972573633,-0.596052077198104,-0.517165795087839,-0.426231631095061,-0.326228417653162,-0.214518090496584,-0.0959340682427147,0.0279548810149949,0.139769021287187,0.231728167276777,0.316286458228023,0.378914662555394,0.429724905942339,0.438507235384453,0.420072377833721,0.388072376128271,0.328025677998392,0.244201996634272,0.147745082998514,0.0322849220030648,-0.0876689488006614,-0.200877390391399,-0.32162216040015,-0.443370975486225,-0.5439146622791,-0.612492182200425,-0.698438440781109,-0.734610645540142,-0.746944029022008,-0.732111872460174,-0.682601328648305,-0.631800772316981,-0.550069719135182,-0.451455255246306,-0.335980386063192,-0.213331190584594,-0.0899377138175676,0.0438600013691555,0.164078640385447,0.262004229285779,0.348824148357616,0.427972606500984,0.456885479829598,0.478672756827324,0.472127271949615,0.437914732670672,0.3556026938205,0.278250884746938,0.173738585549445,0.0449724086771199,-0.0768244116289215,-0.213731577898865,-0.336221929929206,-0.469307889223496,-0.58049446184867,-0.659641253525154,-0.731626405558406,-0.78324998921592,-0.797902130572276,-0.775815996299144,-0.736060826555533,-0.674739672432198,-0.575682855814258,-0.471785807369199,-0.360646779977682,-0.234996936836409,-0.0815390906987348,0.047933379302295,0.180798218566678,0.298757733986067,0.396413416737875,0.469586283608463,0.520252125533701,0.528549193942612,0.520315216274926,0.470724244959093,0.397001927212047,0.301729381054108,0.199542172150141,0.0612904697363131,-0.0766450151804259,-0.226160194887649,-0.366508406213267,-0.491983459214139,-0.600903731999633,-0.700361958307359,-0.769022855574561,-0.814746767200575,-0.839358898601992,-0.819441370259397,-0.776833980081732,-0.697238671621877,-0.618097046909962,-0.498908063966997,-0.367777525375527,-0.227828387637359,-0.0865820765898439,0.0585655572005842,0.200497737165599,0.315316474021577,0.424608886120036,0.501004926336406,0.554905380708357,0.570024083233085,0.552578481716125,0.510320215591821,0.432376062315685,0.326448732567081,0.21488875557897,0.0755638960162746,-0.0668268334890484,-0.231192211117993,-0.368859328478457,-0.511811885313767,-0.629356996630773,-0.732756671404234,-0.81410704261242,-0.846722361550625,-0.87394217984756,-0.860483650729871,-0.797180900309541,-0.746692692544995,-0.636972206200873,-0.52104034980961,-0.379665599363452,-0.237301138585552,-0.0836822176200111,0.0680455687129404,0.212294946329825,0.361909559117567,0.458175812595227,0.536767112223835,0.575742449687468,0.607235491084274,0.595123381353281,0.529120351376595,0.456533922775168,0.348359178379745,0.230539557279642,0.0853918060589211,-0.0685869106274311,-0.224666761839098,-0.365680799151913,-0.526318378030241,-0.648948094409275,-0.745059343261818,-0.84766487962434,-0.893797825794709,-0.906503857242703,-0.900354409207594,-0.845849912525798,-0.763632664045068,-0.663107423638628,-0.546127436134881,-0.391241342122356,-0.245971959939717,-0.0688881610170792,0.0824973009590187,0.228920348161593,0.368312933646937,0.470362311270265,0.553824727639515,0.6118183974917,0.614230927082585,0.615419855088579,0.562551076842794,0.481835401645016,0.378948040086099,0.24557479561881,0.0892548143907942,-0.0673197223185255,-0.237671846100423,-0.392983615662208,-0.536796003300768,-0.668798406172006,-0.78422171608859,-0.875108019857665,-0.91654458746368,-0.934248057294905,-0.907663961578504,-0.868623284986746,-0.77725023669631,-0.678074363910772,-0.538864859549017,-0.393473602693046,-0.239619775296292,-0.0865545034811776,0.0843092437432165,0.251114050034587,0.389500068982201,0.49754750223418,0.572896837495429,0.631088990234321,0.642497227989961,0.645674365264228,0.572355723540844,0.50107606876612,0.393000916863493,0.253843997613346,0.0985421655130409,-0.0658557549045998,-0.232904310944203,-0.389872270489441,-0.556721740845783,-0.689572573816822,-0.798365622490359,-0.886335545530493,-0.940636098605703,-0.958427479839163,-0.939291557747137,-0.887373629544483,-0.816425893926543,-0.701218356590289,-0.552595448488824,-0.413768419990228,-0.231177573418889,-0.0816283191399663,0.0948615037926608,0.258336512135292,0.399583571657318,0.499954216869964,0.593799388177948,0.644072837170509,0.661460407777367,0.647473109737095,0.597176582696357,0.507912796639698,0.391263383926213,0.257601006602887,0.106015791819275,-0.0537263306181347,-0.234512805168409,-0.400062456373044,-0.553583190002946,-0.685439601848262,-0.811788508013152,-0.894456858677019,-0.948812894018149,-0.965163566084534,-0.948186210269952,-0.901453286214479,-0.813579941327723,-0.700597431665319,-0.573502518980561,-0.41838732077736,-0.241462520651173,-0.0710634000287099,0.0966054901007073,0.259332536629735,0.397811623621506,0.508217588211483,0.600845721729281,0.647377748658513,0.670724119871447,0.659811733729715,0.598273877122074,0.521699950352201,0.397817214212949,0.267241250009196,0.112484007300617,-0.0626013922454088,-0.229299621437204,-0.412880420210736,-0.576322584177274,-0.708690805179021,-0.823953399956255,-0.910627256627438,-0.963467437616644,-0.981757747824948,-0.954083963659711,-0.91125665662354,-0.827531301181602,-0.702199479956366,-0.572631810088478,-0.408808852824961,-0.236177771059803,-0.075236261146091,0.102302640845937,0.253486465953445,0.395859163750633,0.517492823074324,0.603521807569342,0.66744980598899,0.670582355441117,0.657128964262124,0.59627570568684,0.519417407692611,0.404931218658593,0.269427603182221,0.10593578640794,-0.0505106435434631,-0.228846767269621,-0.402596560636373,-0.57049029816189,-0.708693770698696,-0.821240842468843,-0.910051359620709,-0.952434284096266,-0.996206407411285,-0.967536697258861,-0.921526840096705,-0.823029311561989,-0.708580087596413,-0.586440212493396,-0.405881418600677,-0.246837645278626,-0.0777407431945464,0.0986367803742229,0.257262823709822,0.382770407675151,0.517560741864196,0.610950390017221,0.650495146669219,0.688517532341294,0.656726886826101,0.602360446740084,0.518185199692871,0.409061644004634,0.264135913959291,0.092851106481064,-0.0659396302627637,-0.230267504742871,-0.406325188835851,-0.559613821457181,-0.706395431518505,-0.821533082484558,-0.899846051518957,-0.972089442859783,-0.981502588977642,-0.973573527585366,-0.919714658357154,-0.834057510071109,-0.707602560584331,-0.563501139397984,-0.413187969037993,-0.240716514535533,-0.0697054655673462,0.103395208175962,0.254763421366068,0.389362785733414,0.505047208326285,0.592182758872419,0.648630421137555,0.666686948893647,0.653043305825673,0.585215956413306,0.511043322850726,0.404001113905248,0.269327698531812,0.0979598094774079,-0.0715932536543826,-0.232289576152397,-0.414247202322946,-0.547271262055374,-0.688224090001255,-0.80994406265653,-0.901764625916577,-0.952019597655074,-0.972811107495585,-0.968077780008641,-0.893990495325102,-0.825264684890056,-0.710288577794799,-0.560666871538186,-0.403658563149732,-0.242274752873667,-0.058263264997917,0.0888442173047647,0.233638015699696,0.378432601079859,0.495285994198724,0.579940033435979,0.63843622730867,0.652486849573257,0.627884115148969,0.581614365008697,0.501584239561378,0.383849972801267,0.24948748046997,0.108094289486283,-0.0645963242017667,-0.224206845583617,-0.406132012018395,-0.563216061491482,-0.69139480750531,-0.794622029459878,-0.897330848470644,-0.942412559638533,-0.954850588424235,-0.933807168499255,-0.886029876635699,-0.806889083876251,-0.703903245387414,-0.550699603327057,-0.402226437178555,-0.24252813897301,-0.0805864406725858,0.0815097280996537,0.234601019999779,0.367587972984883,0.459950112892141,0.561061279230052,0.606055588938335,0.625689602585613,0.60823297302727,0.564405113990829,0.485097684741257,0.378464300666249,0.237230872337166,0.0994725792609468,-0.0638251281326553,-0.241824064356788,-0.387083488887116,-0.543951260428027,-0.674012091553029,-0.780257351372978,-0.876883561583105,-0.9223271771337,-0.923598222913768,-0.917405210618228,-0.85608422674213,-0.787613262370938,-0.677293176340667,-0.54713075264904,-0.41436858098703,-0.226254925703206,-0.0782416558938589,0.0880585461743705,0.224328188918869,0.342452913067908,0.450113409025082,0.527493688447296,0.579688250792929,0.59508567987759,0.58580476931559,0.528168197722923,0.457079232862456,0.356709099824536,0.226200174803896,0.0829153886645665,-0.065508975878812,-0.228878387981795,-0.384208684206124,-0.524275289301408,-0.668240297783164,-0.751926748854909,-0.842474686619769,-0.88632984799794,-0.900860503450897,-0.894439365921815,-0.847006743007543,-0.769694278307581,-0.659116007881965,-0.541241426301729,-0.393103504574945,-0.235249961514011,-0.0903780235310199,0.0629390273240917,0.195646560477904,0.322384043442417,0.427502285383334,0.505217691580547,0.550374776792479,0.566590474362501,0.552709834639152,0.497585439026767,0.436317495865677,0.339184475840991,0.205547468048032,0.0750786749332233,-0.0657196841965583,-0.226170380522857,-0.381063225896105,-0.513756126552654,-0.629059946911488,-0.74253964560617,-0.813528656354918,-0.843570476690426,-0.880854655312786,-0.849696125082176,-0.810964658867318,-0.749609576306079,-0.640996665731724,-0.52690157637668,-0.379751400227572,-0.234941001737933,-0.0882461382545319,0.059285006292484,0.179401489813377,0.303022138923368,0.397566724572873,0.461110703123173,0.517025298165043,0.533427701418434,0.51353894498097,0.468247748395821,0.400759000651434,0.317721177570765,0.190261117023147,0.0593238978812795,-0.0903288795396221,-0.224758756248651,-0.362386229212146,-0.494385300798422,-0.601487240261286,-0.705246794433192,-0.75894815696155,-0.827044285595536,-0.83229163772348,-0.829319565468783,-0.759667551766025,-0.708859697155173,-0.611043009311092,-0.500315686008812,-0.37401819724677,-0.235872896648333,-0.0810063365378353,0.03089879886075,0.171294532103334,0.272228009812108,0.358941393449762,0.42876639599472,0.470410564693576,0.48690282685865,0.470341282335673,0.429691652140231,0.371199265096085,0.282364768601247,0.182073077913804,0.0424816077755715,-0.0854591254756261,-0.208788837370407,-0.337869563736638,-0.474365143013353,-0.579214243122777,-0.666483718686154,-0.728484306899088,-0.76591291863951,-0.801162788325127,-0.774440150355289,-0.741771814379727,-0.674266174009095,-0.573482132225199,-0.481191661162358,-0.353979438479443,-0.217650828017105,-0.0942151816518151,0.0238668449630398,0.132390847796373,0.230384771554636,0.325292138873694,0.391501296300079,0.417089581676939,0.442970751570314,0.427175449740179,0.375830568735161,0.330552821826925,0.250135742265069,0.125804227787495,0.030456164941535,-0.0923226111005157,-0.208501000234072,-0.33083018775529,-0.447281019689531,-0.530314095129918,-0.628129873034824,-0.687543525554789,-0.722312428892803,-0.743044166919664,-0.723087163190028,-0.689022813186963,-0.629739414874295,-0.55555581527232,-0.455788279653021,-0.337038315397287,-0.221297742515809,-0.10045418173267,0.0142736700279539,0.109106583947003,0.196226075002314,0.272289939536538,0.342566641190104,0.370026344887365,0.380006478064272,0.369256315867622,0.339706442641912,0.273189111420634,0.20167766301864,0.11506818777597,0.00898668979836775,-0.092261354190562,-0.198141876820657,-0.323646147218712,-0.418376036631055,-0.498839362949521,-0.580527820827937,-0.630170422285731,-0.661081947675359,-0.690567979409191,-0.671289762124648,-0.642854981224274,-0.588068110753679,-0.512148327992562,-0.428696213267757,-0.32908725293642,-0.218945223054907,-0.102236963889238,-0.0152432220215307,0.0762623573885435,0.159336262957495,0.228078014339944,0.273001251919619,0.314693123313595,0.315463205325067,0.312414959127173,0.287127676105999,0.247644114454204,0.169584934714267,0.0888637733878685,0.00225338313401861,-0.104833300232503,-0.19608417938482,-0.293835964174662,-0.388279817617708,-0.464072656659126,-0.523309493697075,-0.585446113667515,-0.619675334653258,-0.628630471184965,-0.616690198872844,-0.586735752416017,-0.543761686500289,-0.470323015073026,-0.389589414420903,-0.31108655456119,-0.203909099255219,-0.102428400745984,-0.022630116818107,0.0516408986673516,0.110625075719904,0.182208534874195,0.222615610659944,0.255861403941741,0.256808402356997,0.258125942058942,0.23108476493809,0.186499757035997,0.131749324903654,0.0500678770258372,-0.0305996445959666,-0.105891728740157,-0.183739068303509,-0.275422051886478,-0.353914133643544,-0.426120435420415,-0.479872686970444,-0.530282841482779,-0.55407632161676,-0.576880667686778,-0.566064414580015,-0.534789457976929,-0.498487718618289,-0.435053084588359,-0.370962863549472,-0.291332412632965,-0.203508434476253,-0.124726920311647,-0.0617466757797178,0.0112372665648066,0.0715415665342836,0.128640158298082,0.152995681979183,0.191608687781136,0.198227588442061,0.196111975475404,0.172288997234266,0.141556194753169,0.0901264518686921,0.0292497319999745,-0.0349797046255991,-0.105940286500964,-0.187770864080388,-0.252603418140048,-0.318974197197341,-0.386103137329113,-0.429140982896012,-0.473447812517329,-0.480341256900892,-0.503703284377291,-0.490994810164777,-0.46949200790467,-0.440068766494513,-0.392199387151784,-0.331793011275806,-0.255895552097752,-0.200512868121027,-0.131147633609409,-0.0613147326419446,-0.0134068705225932,0.0337383080600367,0.0670039538779432,0.107897242226558,0.120643589959852,0.123313989842541,0.125442448834605,0.106718606119376,0.0831621111170025,0.0330968580915605,0.00198534142555649,-0.0612366065625612,-0.115171158219503,-0.185308897938636,-0.233303701471401,-0.296700847845266,-0.333754006738209,-0.380498957338229,-0.415586379478805,-0.423394211869486,-0.438571527633237,-0.414208205379687,-0.417277020864129,-0.377267198710363,-0.345485761073603,-0.293924535881418,-0.246451033802805,-0.187099178183632,-0.137584672657033,-0.0947806993554893,-0.0534903006486795,-0.0197255775328865,0.013838827383489,0.0418903551039364,0.0528201326434001,0.060569662652321,0.0519201600286774,0.0482429556031161,0.023210847190033,-0.0095277748573016,-0.050472215797428,-0.0847036968914011,-0.127112060944141,-0.174365564426469,-0.214318731917769,-0.247758351738167,-0.291973813957264,-0.328509598956659,-0.35160436509446,-0.365391063580371,-0.366941087903403,-0.367626136223728,-0.351121163144814,-0.332240600500658,-0.289865773373549,-0.267153417060824,-0.224677882547426,-0.187147048038576,-0.148638823210515,-0.11521694259915,-0.087889321610671,-0.0551282609988139,-0.0469481969599793,-0.0230470239101398,-0.00918146706797052,-0.007663209182847,-0.0143445604086197,-0.0312523404439742,-0.0311257140376018,-0.0572366097109402,-0.0849728327530987,-0.0986267303976108,-0.125155820180916,-0.163983779369224,-0.196522868018379,-0.222976008668124,-0.241360288407435,-0.267817696285916,-0.282372469705944,-0.300333725925514,-0.297559797542215,-0.29242431361254,-0.295138618752711,-0.28404751883116,-0.258863968836976,-0.229993829967324,-0.196610502816709,-0.171443364133111,-0.146886701656342,-0.138890857105694,-0.126454535325602,-0.09551540789943,-0.0953217219281529,-0.094541203619119,-0.0768502072419728,-0.0906482009308224,-0.0811041596720037,-0.0906489727831505,-0.0890109915994356,-0.103491582198506,-0.117965597310102,-0.126452064374454,-0.147716283906474,-0.153383797768422,-0.169649465753244,-0.196660247149516,-0.205550435745259,-0.205434935269677,-0.224602016834874,-0.22086831560253,-0.222502507421353,-0.225967763435644,-0.210237117313918,-0.218756998895824,-0.211622032698418,-0.205653046049205,-0.186112045136651,-0.165291162438151,-0.153984636836952,-0.164363990945172,-0.150639581404584,-0.154736696294455,-0.157901079779754,-0.153166339170647,-0.152918010480222,-0.1593665753112,-0.153047434568881,-0.151207344998558,-0.151194279576944,-0.161494777762642,-0.151480468918723,-0.145324652532353,-0.147946369647707,-0.141816594206244,-0.151199613158102,-0.142577320294163,-0.156601247728268,-0.151872905368271,-0.155591905172197,-0.158171536821828,-0.146476741479864,-0.159103897447772,-0.151354722454321,-0.159976293362605,-0.150932081727133,-0.166651348755533,-0.156423294079219,-0.152246663233897,-0.153326420063673,0.678879742807832,0.664635105764606,0.63985751905408,0.564542624226109,0.464880797126944,0.348462427857215,0.188595894171953,0.0114640142331903,-0.159721458962971,-0.32842692773719,-0.494327804554291,-0.652185976304302,-0.769622837498534,-0.875445530136398,-0.94830478139323,-0.973191584347061,-0.98258515084315,-0.93911594441251,-0.873262506652575,-0.771003114374917,-0.642623117255033,-0.48979292365036,-0.318633414223021,-0.153851527575701,0.0213829748666835,0.197773133588501,0.333484055437211,0.462469314911094,0.565795741494081,0.643490243513837,0.682066078673584,0.666211947647974,0.625160756398732,0.574750421268412,0.455928221018613,0.332491965518623,0.185203076260453,0.00892119325824501,-0.160417690783774,-0.32802221452005,-0.485061432211996,-0.648761398174958,-0.773242119095298,-0.880500264692461,-0.947788359221943,-0.983096125054945,-0.986139310246558,-0.947799102179712,-0.86944744378638,-0.766411909572858,-0.630193416993266,-0.485751629360462,-0.327973503165944,-0.151611106460306,0.0299331422469409,0.19095599223334,0.345289475148583,0.465786075183234,0.563605060043295,0.623760645110546,0.690551929349215,0.674535004775364,0.642071977637741,0.56694899095563,0.463316035025711,0.326073387937293,0.186791777821702,0.0167396146056668,-0.151306975564214,-0.332486229331069,-0.505599644615517,-0.653433074501583,-0.770121121170941,-0.87853667541997,-0.949136595461183,-0.976480344975306,-0.976998566757777,-0.933461952005691,-0.878092575174858,-0.771880525170587,-0.635727663215594,-0.494216712349971,-0.329484939937837,-0.153095056816024,0.0373180074772048,0.181389276924847,0.337958038056756,0.469693450772648,0.575762171243844,0.632290623343854,0.682125822920703,0.67362937155793,0.646859696215765,0.569716318097384,0.452128284367559,0.327806166951573,0.183435781901877,0.0089367569889695,-0.157675210307466,-0.335860900202895,-0.503695212261418,-0.643262461159224,-0.78473589274546,-0.871680294758513,-0.948670728353476,-0.978463589186563,-0.991756089149853,-0.946379406210499,-0.874175219839071,-0.765874435919363,-0.633749448534034,-0.490330320312319,-0.322047991378534,-0.145920546502492,0.0352890386875895,0.188745847041942,0.342281301080371,0.457288763400797,0.568730133613393,0.631677758788963,0.693196161626961,0.672865852313602,0.641777253062974,0.567466935031206,0.46191220152377,0.336013678707937,0.171729796359312,0.0195501490458283,-0.162675544205887,-0.332397640430945,-0.498241133918816,-0.64036071897414,-0.773675259373521,-0.872309253259737,-0.939743322309902,-0.984771710678893,-0.976321352094703,-0.935984332662088,-0.874551058477224,-0.77132319248412,-0.643491992236955,-0.483608671921078,-0.32008445727269,-0.150303725410287,0.02614255297757,0.189878052356249,0.347171200477409,0.46969133975179,0.57856979960706,0.642644102199437,0.675995294101682,0.673146403384689,0.638465106403284,0.572276943523881,0.452439288803134,0.334811965361761,0.177581023849629,0.0063861309075141,-0.163415142675819,-0.324915905216107,-0.492116541571928,-0.655397684163165,-0.782791903072127,-0.874354730321344,-0.95227135454125,-0.97598011446138,-0.979835062226897,-0.932968013567189,-0.865563129521988,-0.756490125365584,-0.652741934082663,-0.483999241149475,-0.322723640708426,-0.146239561607996,0.0300347386358434,0.194000761384096,0.341237828930168,0.470758011879436,0.57046034234997,0.638032408391635,0.668162308323428,0.662303784755374,0.626838786241667,0.571301835599188,0.463551988204794,0.323624242967152,0.17875387605757,0.0226846666000741,-0.15135928839163,-0.327222675855496,-0.487889596723505,-0.647920372931946,-0.767960120621238,-0.871137543338504,-0.941116997856238,-0.966136012820975,-0.979109328869665,-0.940757021990382,-0.870890546860864,-0.761234495856199,-0.62895310301755,-0.487565719924316,-0.3144928496171,-0.147789094777587,0.0180574734160963,0.198987419910175,0.350878442966169,0.473867728892802,0.564921098941923,0.634228716360438,0.671468736222227,0.683179202240066,0.638623104634418,0.566196392068045,0.467260846701853,0.324111076431778,0.182057437704465,0.012368997669171,-0.167292246146744,-0.336548494557466,-0.487404622364032,-0.639452638098367,-0.769326488174127,-0.880625472429527,-0.944146642396869,-0.98227270027413,-0.969359222800562,-0.946915236679728,-0.872303345878243,-0.768969982994446,-0.643228727750521,-0.491069115952402,-0.328115438120115,-0.152766805711155,0.0159181371346853,0.192700335596249,0.339168331498516,0.48450202222242,0.577565773187862,0.635704768714464,0.662421024739591,0.675553225446413,0.640647287066449,0.566054592719907,0.454031605919057,0.329111792444975,0.183770525133463,0.0136051835080851,-0.152214852051399,-0.329196591972085,-0.49238380533815,-0.64543768940889,-0.776110897322934,-0.879913222483658,-0.946443444323121,-0.981105270530371,-0.979979721367952,-0.941774209839985,-0.864074180340728,-0.774609337206174,-0.638811487126398,-0.486413501130823,-0.320294207451033,-0.151893531759277,0.0307584148974767,0.184281065341036,0.332471456770874,0.462486658765301,0.566755849267024,0.638989112198191,0.669773667815715,0.684924070296835,0.632676657060424,0.563529073071024,0.451754805477448,0.333740720445067,0.181637872907935,0.0154579247571032,-0.168247499881254,-0.337599319310552,-0.489803885968522,-0.637636339094597,-0.772555529076311,-0.87520823309065,-0.944304040461129,-0.970827308804345,-0.976757672800057,-0.940040939342549,-0.86633068648904,-0.766736867860564,-0.638319410051885,-0.48409109221845,-0.334420506731876,-0.135243771780834,0.0202672473125542,0.187241226878307,0.342381587457104,0.467295293142421,0.564313280944566,0.619676903472082,0.661284081585409,0.673943310912702,0.640260238897421,0.565194180713091,0.461063876484221,0.327213023456038,0.180331545978199,0.00371059153884458,-0.151392913892806,-0.340531193569751,-0.495403949625877,-0.643838355126196,-0.773319453585442,-0.875679861157897,-0.946400726501089,-0.983269275329382,-0.986375360013011,-0.94847849034791,-0.870967403897855,-0.763248412629568,-0.647884956765397,-0.485220355722799,-0.32256716819175,-0.14054261607815,0.0181079277986513,0.18102941716817,0.334992714533212,0.460962453207065,0.579495596936327,0.633081684014154,0.680279916390228,0.674994793660866,0.642686502180365,0.568023928119405,0.467535206575664,0.342095743271838,0.181330385332549,0.0197433583993,-0.152483736483258,-0.328538549722519,-0.486456929107943,-0.65524382128481,-0.769308009213522,-0.870481931933634,-0.951192254650988,-0.981160461199328,-0.983855238705112,-0.936889049048631,-0.871756907324777,-0.765951018392146,-0.644121044955877,-0.486751314188185,-0.331553399074618,-0.150390656937055,0.0237398999717615,0.190919810994264,0.335644867971423,0.457802028710746,0.564564311209473,0.640097554259406,0.669226676348279,0.660612552670756,0.637132991209043,0.574885253790006,0.470718402757677,0.330694127182637,0.179849767903501,0.0159697594510623,-0.155374195791379,-0.337392657878539,-0.506235967715895,-0.64213223659357,-0.776965856846433,-0.871185517199458,-0.943153464555181,-0.985351297857377,-0.975610905918095,-0.936473066665272,-0.878021220303261,-0.773454719048529,-0.634659238335648,-0.494949638298586,-0.316611493743226,-0.154190869193269,0.019484610560998,0.187615753875521,0.347786919516656,0.471284515200861,0.566556684406271,0.632795833689437,0.666960654920089,0.673168162835243,0.626882674566861,0.559723814457053,0.464608901259265,0.33363411234856,0.178444147390494,0.00692519801739508,-0.155201269727766,-0.324484284109578,-0.490612024394477,-0.651159695937103,-0.771704676551136,-0.875351620978037,-0.940957628511386,-0.982306237119482,-0.985240722856058,-0.939779663945628,-0.862940980148959,-0.77586139914691,-0.645482001093777,-0.48615713252562,-0.316732015930603,-0.155549124437729,0.0157515955940039,0.182092121524538,0.338198149317335,0.47031023435938,0.566388231843568,0.637485334102319,0.663430832075235,0.66225193235175,0.639253134507136,0.56500974715866,0.465581607982808,0.322578497163348,0.172468923278957,0.0259871426672503,-0.156666436977124,-0.320889516253821,-0.492211223287565,-0.639020330353947,-0.770232825772384,-0.868362285818082,-0.944240516596122,-0.981928987464242,-0.981958183135948,-0.947779251496513,-0.874266118228569,-0.77084193900673,-0.642561258030275,-0.493556687231421,-0.323827441321618,-0.155961542470511,0.0201991393529153,0.180611019598912,0.336266647366159,0.466474179923056,0.565253070151185,0.645646752942573,0.676102385112289,0.666267109452978,0.633718097787515,0.562551148614506,0.459145449963109,0.32709438806049,0.183798265646811,0.0134930622400403,-0.153227231744894,-0.319333308942375,-0.496588414707501,-0.642116513140572,-0.771922517049995,-0.873151087985166,-0.94544467903324,-0.97945576445368,-0.973074453818578,-0.949487501966432,-0.874095652059777,-0.771571324588861,-0.631155442787771,-0.49133519780888,-0.330458751577708,-0.16064510589561,0.0163641317147502,0.185494310725776,0.326775539525971,0.463835868343208,0.572393597877874,0.637083772123155,0.674919775330199,0.679976073716556,0.638314889803058,0.571916011993917,0.47477383230971,0.342497456512855,0.189059791714913,0.0222115706030854,-0.156430077086932,-0.321119670083901,-0.496066628306166,-0.632150286104392,-0.760342657281215,-0.88812328600515,-0.954097365063163,-0.978581569252172,-0.987885388804327,-0.945659993592536,-0.874849863650407,-0.763811766747201,-0.654572959564429,-0.494795217133109,-0.338642020777427,-0.153543920571561,0.00750378024096683,0.177585852709397,0.339959060279913,0.459903482905096,0.576133853576868,0.64140029201818,0.663348443497368,0.667224852943204,0.640162611067163,0.564471382662024,0.471783273752675,0.343903082592389,0.182781983717826,0.0162662148186594,-0.15365667856055,-0.332573077462307,-0.496264110412837,-0.643834261588765,-0.776401156376011,-0.876940308503436,-0.94908797488108,-0.981119409726086,-0.976247030037975,-0.950110939386777,-0.872264671560807,-0.77835774428124,-0.638251813428564,-0.486632394936704,-0.322100780069275,-0.158592930494601,0.0154638513266259,0.187048940901895,0.334128897294805,0.457229817770859,0.559681000262827,0.633977976345703,0.663130482396793,0.66996962096965,0.637483372140576,0.568442900319874,0.466389993400313,0.338954347045308,0.178590238586983,0.0143002768529795,-0.15485910811695,-0.318920593452588,-0.484442696747731,-0.647208344511202,-0.766267432743561,-0.872058615582484,-0.956864849678888,-0.988623033745272,-0.975761719135582,-0.938819889835244,-0.864842180385735,-0.767015393863877,-0.65404560184404,-0.492531192788221,-0.318850718281174,-0.155140568163977,0.029682811959175,0.181088951014565,0.324724908235645,0.464590519978506,0.56761448766964,0.649175575691139,0.673331120829591,0.662986209680637,0.630853812614406,0.575608139963815,0.466624729272857,0.332441634471958,0.186172035372369,0.0110985461438391,-0.155659150185625,-0.32052397438388,-0.487003397056006,-0.64455764033737,-0.765923416038912,-0.873814834661879,-0.945155534192362,-0.98339643547362,-0.969342973181088,-0.938788704958095,-0.866896071339467,-0.765178628154669,-0.637180373673723,-0.482305650251566,-0.3269168332909,-0.149594588297786,0.0211592617794612,0.180635127506212,0.331663922923954,0.461684146633356,0.561983342830361,0.638930616607651,0.674647689518019,0.679546529610788,0.63441180901959,0.572247266717833,0.462275890613379,0.32907932632711,0.171887325075236,0.0226375285138467,-0.145717418487251,-0.328679634060873,-0.48690300036026,-0.641471451153326,-0.782632274098776,-0.87349077991379,-0.951283800332605,-0.974870201569794,-0.980334822270792,-0.942850031245565,-0.873231272331168,-0.777740441057398,-0.647853237995919,-0.49310159243754,-0.322920050153735,-0.1502494185079,0.0154777850386635,0.187174127298352,0.34237484071818,0.4656369499236,0.565847133244492,0.633899095117182,0.67753035507396,0.672877899467948,0.639950843511125,0.575290354033335,0.462677436420146,0.327515555615604,0.188363361881222,0.0184043639432363,-0.146010945842256,-0.318538661626571,-0.500250619815515,-0.635145325923145,-0.773589260982337,-0.872812487246152,-0.955108968064105,-0.986800169430582,-0.985078509016989,-0.956360695878607,-0.881893480993393,-0.77941480483133,-0.645832367957928,-0.492356341040182,-0.335081941258424,-0.15923483200081,0.024291772971539,0.18174318249999,0.335577729953273,0.457371664660996,0.565716003405957,0.642242325725922,0.680630784882835,0.671732443407878,0.654002134962569,0.568966636836311,0.462011280408654,0.33748904325453,0.183435127112478,0.0287759060319862,-0.148412225640049,-0.322518687405744,-0.493196099517791,-0.647011447876893,-0.755137480927138,-0.87051619128591,-0.943871244017597,-0.985593302585732,-0.983267642834026,-0.944137142874627,-0.879395038906929,-0.783061428028725,-0.647675175789398,-0.48696409238737,-0.328122232187832,-0.148799606114033,0.0107359421006946,0.18716790313272,0.337604960579159,0.463999125329832,0.560154386753103,0.645350172607278,0.681608816965676,0.677480413680092,0.627458762337716,0.565537521983871,0.464369066833881,0.332128764885628,0.179289406271942,0.0187609591639615,-0.142776033662461,-0.319097137905337,-0.499135927061283,-0.643866249718902,-0.780117877035981,-0.874200904860676,-0.925690201462602,-0.987799861471352,-0.976198323170852,-0.943812628216044,-0.875772098503642,-0.780148390043331,-0.641210771152633,-0.504334133442201,-0.336244078034176,-0.155070851045626,0.0211054898870734,0.185421668118533,0.327144485317879,0.475993240019377,0.554288675435197,0.641102909272783,0.674307694971645,0.670752003348485,0.630691464029272,0.567081206737371,0.458810208747747,0.344563479815655,0.179537963693288,0.023581026964749,-0.165182639966672,-0.322700292573767,-0.499128803540324,-0.62864984235395,-0.768490696603639,-0.869862445665477,-0.952712343875294,-0.977690880987018,-0.99692743997735,-0.944478848535932,-0.869556622099169,-0.773068502482418,-0.641930362195837,-0.496646758474447,-0.320762321796296,-0.149780786835911,0.0190240205943586,0.185196850520339,0.327238408629025,0.456855368213913,0.575831518466643,0.632099557418734,0.670273649789704,0.671691213407891,0.652808498356619,0.577585169344563,0.466332900020984,0.3421707700439,0.193815015666329,0.0140217781746748,-0.154311383670927,-0.329313872057552,-0.486529162097006,-0.63958208624374,-0.756450049949735,-0.874959913505045,-0.953124945326385,-0.969237127758035,-0.982375718208927,-0.94289742661354,-0.880644697867536,-0.778771987090475,-0.642254579123255,-0.504215102754932,-0.330222503366928,-0.150397675906145,0.022505163987576,0.173447223037099,0.329817812363469,0.459152425156004,0.567391481693882,0.62675051404694,0.673975254954327,0.680453267127438,0.638507241517819,0.563962442533806,0.463848000387476,0.327896173541951,0.199798262823586,0.0240968373559801,-0.141899809523958,-0.333587432645532,-0.489495996998407,-0.640001002186073,-0.766793116349725,-0.873282810552385,-0.939638764048089,-0.984094429925475,-0.977266118966261,-0.932600659947111,-0.872113372572728,-0.768637582779667,-0.644927341654359,-0.495994983063524,-0.327492903363699,-0.153437044898957,0.00311613601829759,0.180739105234717,0.336696813459705,0.455431017529051,0.555773720196467,0.628552609082721,0.667819192058892,0.671120971534823,0.619116059321171,0.566549325901974,0.46333274884397,0.337377361398925,0.178383991749599,0.0191539531770825,-0.147657494541745,-0.316128347442957,-0.48869611177195,-0.629272167866056,-0.769881805589487,-0.875557697734435,-0.940652353678735,-0.989548260612666,-0.975606633099719,-0.950615800499908,-0.865223993462854,-0.780938643320875,-0.639196027132843,-0.501755800593802,-0.329928841339755,-0.164327108377084,0.0206002190046561,0.190418755673228,0.335485849770427,0.45680477121599,0.563299726084377,0.639598513641579,0.673754987891831,0.674341505181597,0.631208267672334,0.56257440696251,0.470435062202246,0.327069130908465,0.188654692093438,0.0282972195623813,-0.146365972579935,-0.323196949297087,-0.499918487204515,-0.65033155921209,-0.765790988797551,-0.872321282789026,-0.936039110176188,-0.974910864200024,-0.988173560184534,-0.950056721785359,-0.881384367411348,-0.772808729105171,-0.650317442343837,-0.499521496245635,-0.327181406659687,-0.156508970758048,0.0127121531437253,0.182098964778005,0.335882902149754,0.447858175523794,0.566975535043038,0.642873429561802,0.67660610339361,0.67391720735836,0.645041923991242,0.571232168072289,0.472013892795201,0.334207761361202,0.18738638938373,0.0161183753682047,-0.146850045990805,-0.322744901500707,-0.483276820740744,-0.654665698940573,-0.768138355148294,-0.871555739159817,-0.940033821907353,-0.981676112421544,-0.988166467971636,-0.941135162661653,-0.88392522036189,-0.7735667892664,-0.641348893518524,-0.498098653694861,-0.324009499134179,-0.155442540488835,0.023710498881625,0.174103216429721,0.331379433724602,0.457881567159543,0.557938427886398,0.634049488443485,0.674913929006405,0.681476550662494,0.641985056173285,0.571300966134881,0.460387450803928,0.336628896752129,0.1815336264548,0.0263288035300515,-0.145435285295967,-0.314087744002743,-0.486391343339684,-0.636105733160503,-0.77544385684817,-0.86655771010192,-0.942293790393702,-0.98045768211014,-0.980583013865828,-0.945850061790091,-0.870060496456594,-0.774968524382966,-0.640398091427162,-0.49428540585529,-0.340797898478042,-0.153502571968581,0.0135601960793611,0.197295968482646,0.345624426316745,0.465603447562335,0.548079546571463,0.629374227134374,0.666969748152672,0.68214724470684,0.630540870718348,0.564172727743186,0.468069435511437,0.3363497678771,0.181390421687311,0.0261347843722821,-0.144531153650816,-0.324275979612944,-0.491542070832529,-0.636966357868335,-0.773877347414911,-0.876197093420739,-0.949338601555432,-0.975883497635722,-0.987356739580017,-0.94591572699919,-0.869977690940658,-0.777718385383564,-0.647431760109154,-0.502028792190934,-0.328019885964708,-0.158168772353216,0.0105508587394393,0.178913498285574,0.33685122482287,0.446667729872819,0.557598260010845,0.627680895655754,0.681332793373543,0.669400248597724,0.639868635205476,0.571553093826295,0.461612795096577,0.341825706186141,0.181057661147191,0.0257490391665564,-0.153614938034513,-0.328188049290684,-0.484700363937188,-0.644491194347442,-0.754514167484913,-0.86744951240478,-0.941820418804627,-0.972886832346276,-0.984431496340588,-0.938886298635898,-0.871695388953636,-0.775109679352744,-0.648354047023265,-0.499916574290103,-0.327905141417843,-0.152711806821436,0.0100587180898239,0.18007226256576,0.322861045908976,0.460276374110342,0.570765816089869,0.632810312180217,0.679283190974901,0.674882705495651,0.636534309714618,0.568355965356506,0.453070699155403,0.34002481340012,0.195079979946174,0.0228909931035099,-0.15315879427421,-0.323582082053304,-0.478491788492843,-0.638951656646905,-0.76920939774648,-0.863455091168515,-0.949310916390553,-0.980953917471733,-0.976858306195274,-0.937338919421666,-0.874706746233689,-0.763089609431568,-0.642824215211389,-0.495546457365748,-0.329782897081365,-0.162634814956631,0.0070253599172741,0.193250920034333,0.337928351432165,0.461510566944772,0.571181278819111,0.641887040791603,0.678282242756675,0.671075051335492,0.634457445245841,0.563477617250327,0.461513961656282,0.33638341881264,0.187660448728524,0.021684697955073,-0.150690939528485,-0.325005281954413,-0.488562231968975,-0.633436004220236,-0.774618073985053,-0.862943244348573,-0.948400915211536,-0.97521174211408,-0.984383832695042,-0.954413767057437,-0.878365242817713,-0.775120970171134,-0.63270177099176,-0.499584308762419,-0.328796376483536,-0.156063245680867,0.0151315725573996,0.187650550724829,0.331425176659166,0.474919467638893,0.556541716520393,0.627477717957123,0.673541501585179,0.676793380026,0.634310704578345,0.567434042012265,0.473619602044846,0.328251963862295,0.177180990160702,0.0244472984106276,-0.1495245069595,-0.316364087447551,-0.489202762505943,-0.643203781926232,-0.775758343111224,-0.875738370540157,-0.946626396585176,-0.971158785744939,-0.974910056548722,-0.943428995566559,-0.876112076862445,-0.77145392839584,-0.652415161183508,-0.502360555969582,-0.337926447329465,-0.144641572192746,0.0202893326782137,0.169891094850495,0.3355439497663,0.460077225368419,0.561420843368093,0.634559689709692,0.670721468142206,0.666461600191125,0.633715056810832,0.577394236720781,0.467930531876075,0.333424727644573,0.197161839331763,0.0245166732482276,-0.143826915617967,-0.32266426551307,-0.485703186880974,-0.638329405353152,-0.770511354140551,-0.876529329887026,-0.947979474075206,-0.978595531995125,-0.983589997045963,-0.959312137917861,-0.872279690570846,-0.775595991046703,-0.655971080758999,-0.484214079712996,-0.328907506912876,-0.162620971193026,0.0170905075705705,0.171918201614161,0.337826411969488,0.463935144059729,0.563858003875207,0.628165746721604,0.6819615705825,-0.993738627868633
0.880602951926957,0.894114568896221,0.849000736830548,0.789250669722369,0.679555440021551,0.556436078582437,0.400840387214055,0.24022074302387,0.0640032131177309,-0.109626815347293,-0.271496009505952,-0.428623690265541,-0.569205350929531,-0.667911951710272,-0.743606628640476,-0.779371077053225,-0.788008471582348,-0.758295743618227,-0.691123181821099,-0.602386273198043,-0.467201168423385,-0.321879147534075,-0.157917927929736,0.0216797885487577,0.193445696259461,0.351581396805511,0.51826839726789,0.644632274537385,0.763206385808156,0.825162623116517,0.870247607333332,0.877632609828696,0.85076874601678,0.782164509744396,0.674606016038426,0.549725797654031,0.415483734043762,0.247758149484794,0.0594746251406333,-0.108102140347991,-0.270250933642188,-0.415778873090219,-0.552429176304357,-0.675429019825798,-0.755869238258823,-0.783641843397343,-0.783514879599562,-0.75362736591555,-0.704498566133067,-0.603634694304591,-0.472797053021108,-0.331487972768199,-0.158578623388597,0.0255508939052302,0.184079078486367,0.353139023355963,0.51387158991527,0.643387581064813,0.752410244208434,0.83563569730455,0.864527821885055,0.890536210419365,0.844222874731613,0.791080408711249,0.688683799601585,0.563230338908983,0.40856378035489,0.255245549065205,0.0863679046151226,-0.11176166446576,-0.270000222815438,-0.415466488753638,-0.568382543597591,-0.662884348212544,-0.740832336315274,-0.778826419505869,-0.79265233291632,-0.766001127659574,-0.701469058154553,-0.598063526230564,-0.468206017500328,-0.323843816225326,-0.170302800690701,0.0288988569084381,0.184352175418203,0.353166290435104,0.509518255043972,0.640712401806682,0.742331101771222,0.840360109143035,0.879851389642346,0.883243512234554,0.843614477950559,0.790357582841335,0.689204848308165,0.55993548945006,0.420820604355564,0.250293046813775,0.0753619099202187,-0.0995711368504904,-0.274335930536153,-0.418026058148086,-0.553936739570127,-0.655937964588146,-0.739622718964936,-0.80370917076646,-0.791080882639192,-0.763843984269162,-0.714069430094079,-0.616901837753746,-0.482462782482889,-0.312959377467345,-0.165845385092825,0.0134382696560131,0.187703078146036,0.345089420486767,0.51345162336229,0.643300745182052,0.748185441900539,0.823073736530125,0.862052456522586,0.879354900137443,0.852595306263089,0.783069737420959,0.690251398245085,0.566423592301466,0.413047410845293,0.240912303363303,0.0684194406859579,-0.0978889388634092,-0.263510114313083,-0.414693990917162,-0.556531560765965,-0.654646816250451,-0.738439689331648,-0.78408301594182,-0.786709964566678,-0.760297201096973,-0.699505167737862,-0.596944212385951,-0.485172954252671,-0.33444468007452,-0.170323926523766,0.00451222873441011,0.182982186352501,0.347917979630407,0.502879888246094,0.641453037733139,0.748578314862049,0.833870322751763,0.861041079423375,0.876678461420169,0.848857847573822,0.781831327866205,0.686162673388786,0.558300988356259,0.415998975766077,0.258449603742847,0.074481276428414,-0.0914940551722395,-0.277662564988335,-0.415650671492531,-0.55998678296818,-0.67201757424147,-0.738551035672244,-0.7846208790685,-0.791456995467529,-0.762168746082773,-0.707644006379128,-0.601224705305621,-0.485988355315907,-0.331668152272416,-0.168325742338371,0.00535105923050296,0.189239180880315,0.34734639968648,0.500380026257431,0.639074174076318,0.752799511665554,0.814912567597612,0.866034228499111,0.882613554116191,0.845256413644697,0.793889830986706,0.694841971934614,0.56333054270073,0.421585523224854,0.249926439020905,0.0780007160231406,-0.0964187666747215,-0.270998510582695,-0.427678042906294,-0.560666378557352,-0.66512652597441,-0.740176510714608,-0.785483287097462,-0.802518713547612,-0.765040963410691,-0.702023773881284,-0.611831394384225,-0.494588610989885,-0.332104517356813,-0.183921566955401,-0.00312450721988402,0.178829953505888,0.341607253592108,0.506997304852688,0.624161930083462,0.737350075372303,0.820947314056183,0.870013621163053,0.882977700997762,0.852275192890985,0.788446888283654,0.701241032759247,0.559945495323549,0.414497873006462,0.253642866515706,0.074866947464893,-0.0842915576688371,-0.267850543531418,-0.412293138304825,-0.539741399669658,-0.654797419136838,-0.735009804264376,-0.785413151582505,-0.801139694704464,-0.770351908664504,-0.710533340562708,-0.604147854511809,-0.484653996954941,-0.336659007445917,-0.160874765544556,0.00274378208627662,0.172134153482709,0.34771842854114,0.499418247676778,0.633612934449362,0.751454083095329,0.826817077126227,0.869019124026193,0.866096574943705,0.839922819619188,0.79577238114591,0.686053881312749,0.568739254389828,0.413777448843087,0.265825113645611,0.0933448216546236,-0.0831933073603238,-0.261676004799757,-0.421159986845404,-0.555451094892957,-0.669696912780393,-0.742704213402515,-0.790404610198806,-0.794074549179293,-0.763372425202949,-0.701599108408518,-0.614920883410202,-0.474873964944502,-0.350110961103109,-0.165882648980949,0.000995779520960517,0.185857010887535,0.339406260149016,0.503605900731171,0.634632797638848,0.749082799658313,0.826667696851568,0.875438011930508,0.882230766381778,0.853942022216834,0.788796900031535,0.700366007310636,0.568087695062721,0.412756580209538,0.262472785365991,0.094034398486424,-0.0890220200270096,-0.257281617175385,-0.420856510463916,-0.546752431393344,-0.663283634516473,-0.744731887956999,-0.788599719705611,-0.799039127725411,-0.778142165101887,-0.69840292983727,-0.610984295382658,-0.487439371951674,-0.328273991638692,-0.180006720753576,-0.00612182014816412,0.17282957544688,0.336321829559846,0.503261727850406,0.637313226799997,0.742065895386486,0.825439512781887,0.878842466720113,0.886086976876165,0.859064712132255,0.79267622275504,0.689324890025701,0.570066390971497,0.416543252938203,0.261366593639478,0.0928190593344241,-0.0837544978370361,-0.252940492774071,-0.411421494432429,-0.560034428001976,-0.660775698904613,-0.738441451195909,-0.793519884078766,-0.790390843918252,-0.77051088587896,-0.701915072839805,-0.611745256721422,-0.487794714425985,-0.346559565089173,-0.178232946867267,-0.00231722127182041,0.160443372099615,0.340427251842305,0.504660560669736,0.63410182436623,0.741301285325607,0.814586686191628,0.859770872531833,0.881773406439739,0.847594751686609,0.785287717866061,0.688073383810659,0.573109634705286,0.419305783690572,0.261529047501651,0.0863029943714233,-0.0808560846196245,-0.272432483793953,-0.408126518565077,-0.550332502832772,-0.656093383790246,-0.739988511119409,-0.775660055825155,-0.790915158475033,-0.763241453489364,-0.699204342550135,-0.618237924956604,-0.483450748787374,-0.345878699689802,-0.173166869939833,0.00134440197995963,0.1682556492659,0.34442816038922,0.502435851351852,0.62419457340975,0.740012746303125,0.833494675056916,0.876240870119989,0.882694172215223,0.867004737435038,0.77357722558153,0.691072956874292,0.579253689799595,0.429279216680133,0.263362154290255,0.0819548708742396,-0.0833298619526745,-0.260780948403772,-0.421221817183147,-0.564890840761969,-0.654873126076697,-0.734528979248967,-0.785278973378259,-0.797611527568017,-0.761223961922929,-0.715119787229335,-0.61210907692229,-0.486266658728972,-0.344801402423165,-0.182572662998782,0.00329582674648125,0.172686163088773,0.3427560642177,0.500659779102749,0.639035470921485,0.743720181937836,0.8271526485952,0.869465361265041,0.886788705162593,0.851128915030196,0.791532717026162,0.684178580853127,0.578741229669534,0.419416426114445,0.251233066455597,0.0903909379431794,-0.0871974104190415,-0.262348018237634,-0.41336346408845,-0.544364424904807,-0.66312701998712,-0.732691281852349,-0.787643461893965,-0.789890891707248,-0.762219901447909,-0.705661423523153,-0.611634206829622,-0.490765796261425,-0.334584951642766,-0.177037373888371,-0.0103813922284435,0.179914850508025,0.336397379643665,0.505274517461411,0.643148888418525,0.741334864577947,0.82058405689276,0.870940944861254,0.874080021057109,0.852709313724276,0.787665592543609,0.693001012926304,0.566835914322844,0.426489767972888,0.260547782679835,0.0825046178297558,-0.0908849464113905,-0.252767410464895,-0.409104992661974,-0.546950418544661,-0.657900083313864,-0.741216370543898,-0.793470515990929,-0.805390028258579,-0.76801116011677,-0.710062843562576,-0.598347599132027,-0.491895958402331,-0.340279246404108,-0.176590036980156,0.00214128538876487,0.177649942715064,0.344597948188559,0.506541740146601,0.629614795024123,0.75141308213563,0.831588847731113,0.866521063693509,0.8702434311949,0.853129529670637,0.794301563214793,0.700808884775192,0.554677652458097,0.417699786118031,0.2523108482513,0.0803287811139654,-0.0963145524953935,-0.262826958883717,-0.414255263769072,-0.549473194759959,-0.669995082165717,-0.744480384830854,-0.776733791429393,-0.788182173345011,-0.771623159704789,-0.698551012377791,-0.603016988028712,-0.486664808742891,-0.329475583085745,-0.180426755947399,-0.00145077823137189,0.170093517151875,0.346889375596541,0.495918039502881,0.638435623893242,0.747048846278437,0.829975481512896,0.876122913390535,0.874812252593204,0.858032190038427,0.780003500789107,0.690768036192605,0.574226429631768,0.425214350049877,0.262177261470846,0.0907888605396737,-0.0884393869835572,-0.256274970377091,-0.41453266312018,-0.549264419528529,-0.673183168705672,-0.740067629917728,-0.78246444988418,-0.789653507622927,-0.769893843128414,-0.695723321215904,-0.615635583593422,-0.474684266264641,-0.349928826726416,-0.17456872313629,2.43889417933666e-05,0.180553514595812,0.339264328871582,0.494253672029218,0.634859221593508,0.748062591050312,0.828683952543979,0.860934853374139,0.885608852802287,0.854457057139801,0.783197672555266,0.69278208194523,0.562862046207383,0.417478461360093,0.262119230871951,0.0767438746542136,-0.098551455299566,-0.269460836328741,-0.410529516735612,-0.540622555032105,-0.660752577021394,-0.73473510778679,-0.780359077623455,-0.79874525319859,-0.766023021787772,-0.695662471331869,-0.599984962803859,-0.47076884338237,-0.339336724255612,-0.169786523094314,-0.00284649316527804,0.183423896046972,0.350081334176217,0.505270820731526,0.643909437353565,0.744997934583522,0.829412082826328,0.87083434327661,0.864445431367457,0.839154120011696,0.789754774632316,0.695401310089555,0.568137403623697,0.421689505438529,0.253978912869535,0.0694786582834551,-0.0940188904474231,-0.252316524870941,-0.416054741446607,-0.552583090600972,-0.654981023773624,-0.750938882376162,-0.782338272642651,-0.797448777859604,-0.757576960391563,-0.701060332185393,-0.597062014882605,-0.476495613319692,-0.336606669043589,-0.159327967244332,0.0048409498199683,0.186793674582107,0.349827135057448,0.485557043496744,0.632065445469757,0.749659648136357,0.826889307573219,0.869354087029554,0.868655280363212,0.845912143554733,0.787563247959475,0.698738691380385,0.563188098607254,0.405009007725584,0.239565879451504,0.0838938924769306,-0.0948294551143796,-0.271171944755544,-0.421726429551469,-0.557600541620679,-0.666000415801009,-0.748823890867595,-0.791522494366098,-0.789272917429067,-0.767893611165799,-0.696103710277566,-0.605209266781666,-0.475214356067649,-0.326855391084352,-0.163760896201164,0.00921441572548725,0.18872223123183,0.350182975111596,0.506635450617251,0.644803829354795,0.747784225798233,0.834502378173258,0.863350863786403,0.879547068657994,0.857405265161621,0.781324360988574,0.698890040665502,0.557172103610133,0.410961941841673,0.235887285127936,0.0704892914968391,-0.104487845289663,-0.266073238961278,-0.42808985464219,-0.555403437156412,-0.667299643404231,-0.744768349308484,-0.788761763717964,-0.797079993048398,-0.758282522669251,-0.690124011749584,-0.605039559658935,-0.476275273926916,-0.331717466875782,-0.161487495755832,0.0287398382299264,0.176975577090031,0.352536887147988,0.500456454214169,0.647268654754205,0.742923448263321,0.819255244992206,0.874218324142594,0.873636161413995,0.836325235433784,0.778843997569547,0.682907947810459,0.544171992538743,0.406733005356284,0.242029743755073,0.0721108232789148,-0.101836379074618,-0.282015691279329,-0.423562077168585,-0.563287138902526,-0.665001689818054,-0.747364332259953,-0.781255565598795,-0.800308216493681,-0.762101993855402,-0.693950084049545,-0.596083448400706,-0.464208865731314,-0.330678425638708,-0.156633359395139,0.0170343102891437,0.185849376128624,0.362509198888799,0.51452066823424,0.645203759461934,0.763476759723593,0.821336784257872,0.86901512156706,0.878888483068162,0.853668579987117,0.775400539053764,0.681958889431141,0.554707553641054,0.404306429439766,0.239580920829821,0.0730897035716147,-0.106325714699988,-0.272865739482134,-0.432753361258394,-0.570210732912709,-0.661605122554683,-0.735911844814209,-0.793704617608101,-0.796877479967984,-0.762945474492927,-0.693116630377954,-0.584355785907295,-0.471209881670927,-0.311590771511536,-0.148275507344456,0.0189733417275869,0.190733646080734,0.359190007893097,0.516361506189523,0.655731688257429,0.75352147617687,0.83299932477842,0.877122866745188,0.8796675301834,0.850479591345549,0.785912609554831,0.687427158156728,0.545336113834435,0.406395725339913,0.236137306297163,0.0655897795193067,-0.11466019328438,-0.282438101609742,-0.43561998330916,-0.567890808841109,-0.673098318637505,-0.740359665650192,-0.784766330074198,-0.783225161309787,-0.757121836086551,-0.69515111665934,-0.5904819964519,-0.476277769240444,-0.321497473329044,-0.157003986603367,0.0245302385039626,0.202907787848236,0.360670283368435,0.51342607953403,0.651616838640467,0.745693792714637,0.833377888451041,0.868930648981908,0.885809155693343,0.834129374791845,0.779708248191261,0.680922441641462,0.541325891142345,0.401066951617024,0.234892443996749,0.0547074297678672,-0.109556681695826,-0.273655251023359,-0.422825507202624,-0.570731749274742,-0.672789776208985,-0.747069969879811,-0.788720304790123,-0.793025603202614,-0.761101966200205,-0.70034476597006,-0.599495725444354,-0.453989998022996,-0.316836291447871,-0.151434992151762,0.0246399771842102,0.206162989792387,0.354829540566126,0.511503982493613,0.65930570680975,0.762309341575045,0.830323720905816,0.880174023314197,0.87850592475471,0.847968907559763,0.788281538798144,0.682116763883916,0.554607464278372,0.406065719772333,0.229717179614341,0.0596650648533459,-0.112334733047706,-0.287944907575826,-0.444360587587696,-0.575286797512952,-0.675703126973681,-0.750651930713132,-0.778474616080536,-0.802201678581643,-0.763247368704873,-0.693224569295358,-0.597560560775285,-0.459140065546265,-0.308357326586713,-0.137834780176008,0.0289431436445949,0.192101816776735,0.361613809614455,0.528810305354809,0.655444949683518,0.757603318053562,0.846310572492743,0.879825297615245,0.876313717428189,0.842693899912041,0.785761255879926,0.673288529232475,0.54569536488005,0.401929399705385,0.229524934494701,0.0594111348429806,-0.116262198998122,-0.278928979580211,-0.447494701027379,-0.570830360222961,-0.67384405133743,-0.749927287414363,-0.790423624668154,-0.798254281015225,-0.758871414803323,-0.687844726877067,-0.581866975609897,-0.450114304549254,-0.296397762452184,-0.136142282936361,0.0252348300713431,0.194117870365134,0.370184380358294,0.523481159066947,0.658388112241302,0.766540241405614,0.831449801257819,0.866231936851871,0.865723968887192,0.843623665254085,0.765234814231454,0.673017225093219,0.538054957672403,0.384630100850396,0.226594018213204,0.0454234711078512,-0.112748466676086,-0.284429693598256,-0.450708118822702,-0.580821555990703,-0.686102084103857,-0.749874748750687,-0.7900504705923,-0.785319589324252,-0.762061974184934,-0.6882042729164,-0.594466393400357,-0.456872498394497,-0.299581507125237,-0.148789110271829,0.0298207721208284,0.212876379657657,0.364994564509739,0.529255544860246,0.658663201663858,0.764945024238988,0.830194997899766,0.874244183042833,0.875024033618209,0.84371540809037,0.762623839948848,0.679025735885056,0.538506487194115,0.389017986186722,0.219665947601255,0.0493728471812438,-0.126436309077134,-0.29467865834517,-0.433006192492396,-0.571437366951097,-0.685989067904578,-0.754414671231722,-0.803718418479218,-0.780810151817207,-0.74875898543834,-0.678359961511362,-0.585357291491239,-0.451390186165457,-0.312227610203822,-0.149522330193031,0.0507555946670858,0.217381872698645,0.389439367229323,0.529462690797139,0.667299560293738,0.750928100995021,0.843068278839208,0.877767891345226,0.872622064344396,0.845341577747401,0.762068462037073,0.672668657729065,0.536771198594287,0.374120910635749,0.213799782553687,0.0478977549173681,-0.127273096504665,-0.300589798958918,-0.439676265408995,-0.577883421386693,-0.690296724573215,-0.752270151316622,-0.779841896348224,-0.789766890292566,-0.756463228987679,-0.667312788692103,-0.588162992148874,-0.452234032037156,-0.306865229400718,-0.137248451656619,0.0441724448225294,0.226835620254847,0.375300126576887,0.532112969564852,0.658128329778117,0.771307156417271,0.84233260788293,0.877018530950977,0.872883248066893,0.838183806911286,0.765504053492734,0.65718246587877,0.525088036237962,0.373611122417941,0.217062486917726,0.043700489241584,-0.129061240891692,-0.296468146176518,-0.462111055474138,-0.581122345540091,-0.702275256240196,-0.760912142330689,-0.795686420619142,-0.790079862931837,-0.754238840265281,-0.67292278967973,-0.580036907061843,-0.450338041887916,-0.293415922634624,-0.131839126095695,0.040159845174351,0.21189397747189,0.378079296535461,0.532195291087733,0.673314767564462,0.767216997804454,0.839932752693024,0.877811657479795,0.862077187310306,0.836863307654225,0.763908138055676,0.655519376820159,0.529316334705772,0.376320669649354,0.210781257976935,0.0393696426485331,-0.131389473656624,-0.302262600003513,-0.457408415649882,-0.594746750889596,-0.682339430409911,-0.757897697933772,-0.790406563501197,-0.788554332541386,-0.761106732565042,-0.685641864367602,-0.565977899554745,-0.442489273947488,-0.292062700387978,-0.106447933166098,0.0466855740877004,0.225972525969331,0.395331584917307,0.540784513391663,0.66534815929897,0.777180094851572,0.832745610522385,0.871627900669177,0.873505185562842,0.838067873175949,0.770337439948266,0.650889236819239,0.523230264841513,0.371962901957609,0.199804870895826,0.0359059589045081,-0.142850111093707,-0.309215724194973,-0.459785851740277,-0.593923998866428,-0.692674852071807,-0.767068558795834,-0.79145667220847,-0.793535857483326,-0.744558968144291,-0.672917740088352,-0.577487439099314,-0.441263274559251,-0.282283894393276,-0.107295364763567,0.0516946206556019,0.217193784897509,0.3820331417169,0.540770004225245,0.678138062065915,0.774269065198899,0.850863810686965,0.875317623001879,0.875356521708313,0.832833819753105,0.752842035199389,0.652771956271648,0.523824358623536,0.36289971128512,0.194907177316098,0.032256898998162,-0.152200332299139,-0.304988641887136,-0.466589966171996,-0.594072972246284,-0.69207727191162,-0.752720155238409,-0.799231827286309,-0.789486020272078,-0.748411370899197,-0.669719793081625,-0.56605775013199,-0.429075154945458,-0.296776659553044,-0.10533607124677,0.0548964386881895,0.225834653545886,0.397095001396208,0.547301768310181,0.667862930676196,0.767311028401865,0.841030526004475,0.878189010253789,0.872412395220959,0.836972868437772,0.760568696581006,0.640046657805203,0.517497778836331,0.371750642918108,0.191597172751034,0.025927900576845,-0.14785290785117,-0.318560517955479,-0.460665852804457,-0.595195297944257,-0.687448987565442,-0.7648696437424,-0.796890262949426,-0.791059290218646,-0.740189676377735,-0.672778370264938,-0.561665359837182,-0.434000147262165,-0.268059870471548,-0.125426772544925,0.066711665484535,0.239259142407415,0.412750108932501,0.552413617019476,0.687745399778719,0.77240821218393,0.843446951432682,0.861485567238589,0.864824569937278,0.82519039472271,0.750762382003982,0.655640574117733,0.506861582521348,0.36192340430338,0.195063021373684,0.0278467895508154,-0.139825341707735,-0.313516329217327,-0.460605922454363,-0.595176839385726,-0.703925882036191,-0.757205883039302,-0.802424053455039,-0.784525069865745,-0.741524310854142,-0.669642682093883,-0.566810091457747,-0.437936274591952,-0.282627145140216,-0.102788738528448,0.0604574569750476,0.240056658034122,0.407156695189363,0.558439236626322,0.683068192387095,0.772820761603672,0.856177280119674,0.873881816772169,0.867985192499104,0.837523447685556,0.760245317776804,0.653619970021523,0.516561486745435,0.364438331305509,0.187154299500192,0.0165934207990057,-0.155136942865207,-0.32627607683695,-0.47527285473765,-0.60001189006141,-0.69631758356566,-0.774123776194908,-0.799060019200319,-0.801005464432517,-0.742115097209848,-0.671110349159951,-0.557816303142586,-0.438079729526282,-0.262625389868114,-0.116222338375554,0.0808609851566312,0.243046230580974,0.402443695044652,0.553176951091064,0.683846461368789,0.77776196734472,0.848664884864792,0.889397956126153,-0.79921131669481,0.067071715746021,0.159828514354,0.339498380152306,0.491381670455375,0.629111196618896,0.744858297297983,0.82253300623589,0.873989895360955,0.873790538721839,0.863546392568681,0.79366231755194,0.686101132648226,0.588579042578635,0.426200415518807,0.270301822304655,0.0888409052645745,-0.0826825999143528,-0.255243627462033,-0.397993300397689,-0.540275172944125,-0.651599334337584,-0.731951937655071,-0.783897960150648,-0.810282670608182,-0.773779362268591,-0.698808047505063,-0.615632990965363,-0.495448337128962,-0.34153019263341,-0.176911656670686,-0.0107756187963597,0.172196589083742,0.335272280254697,0.496414304381108,0.631631384256257,0.730545250873196,0.806151153331649,0.869024980595114,0.886447891157055,0.854242599940554,0.788667226121668,0.69192949292615,0.572187511910471,0.425808631169472,0.266001652103418,0.0921305101329731,-0.0864063428404098,-0.259457377184623,-0.408602594417909,-0.542306485494933,-0.660250403726194,-0.731106260730501,-0.781533480515212,-0.785722026034205,-0.782323234563425,-0.701324127847289,-0.618327626452754,-0.48333753458468,-0.345824396387611,-0.184089918309814,-0.000981401451414033,0.167523220564785,0.324993802184418,0.495074216681146,0.623159138915827,0.736471627439772,0.818955592290887,0.854597301256886,0.866470113038632,0.841744824587422,0.78961832833108,0.687721487295272,0.5779591999776,0.427052793527247,0.260383604514685,0.0899771118897936,-0.0907471292558344,-0.251779590839869,-0.411873806238777,-0.541667063890226,-0.644357720564092,-0.72417007503008,-0.769821393846189,-0.784195424355495,-0.758986768245431,-0.690930721967121,-0.598718881596892,-0.497792581963123,-0.340054053413159,-0.170461479451825,-0.010848003095632,0.167113797177809,0.328638330489882,0.480828469597963,0.623504013385126,0.723562931885868,0.800810060825275,0.846110288789241,0.856688767310697,0.828106277540916,0.771822688984476,0.674345860108336,0.555407300606641,0.424973225084029,0.258911405175128,0.102584498698746,-0.0856127222205642,-0.243965580302053,-0.388525975090218,-0.524192564927657,-0.632382559514075,-0.721497703248007,-0.760773632760429,-0.773404156151779,-0.747259629328318,-0.688797863562686,-0.591673952535893,-0.484147297134358,-0.335676741017644,-0.171258950883595,-0.00778781689967201,0.161626484403155,0.333683949565378,0.46361553785466,0.600701080785209,0.712247488685739,0.785949420863866,0.825067945271313,0.843576094088246,0.80164141838574,0.768578700661479,0.656580098826983,0.55164834022723,0.408183438426391,0.257780703215893,0.0953356361872875,-0.0856271734602573,-0.239926745499536,-0.382089850894159,-0.518085915562618,-0.620565200476169,-0.704789725291687,-0.742607985803641,-0.746745741998916,-0.738304659324497,-0.671162410171875,-0.581197655926382,-0.45889978698178,-0.317976698020451,-0.160211334146646,0.00132278880870559,0.1531876311143,0.324795338179485,0.461763021082716,0.595889107777521,0.684377826232973,0.776121723611252,0.793964952388204,0.810919215151666,0.789605242144425,0.717626553555356,0.657073190819872,0.530995725248403,0.388674114581751,0.247571069952151,0.0951244003814134,-0.0750945237882034,-0.224739832239717,-0.367090566419973,-0.505326410754939,-0.608481957298194,-0.668557919221802,-0.726793340356922,-0.721592290521858,-0.702199101026767,-0.645793630686446,-0.559990245015747,-0.444074445475975,-0.309146730557286,-0.159374275496452,-0.0136333677887263,0.149638233480639,0.305337259824405,0.436376687690633,0.560538893895823,0.66013636514766,0.725055114862401,0.780615848356618,0.775181723333895,0.744251734511732,0.699717424541325,0.615353875701613,0.513742296895334,0.382755223943471,0.231038747214973,0.0879316659204107,-0.066771467526983,-0.216802927453539,-0.363351235581399,-0.479371354652018,-0.58076097566582,-0.641867894189345,-0.679393775982874,-0.695195571623766,-0.661265311612542,-0.6143760499919,-0.527171084334937,-0.407550236213847,-0.296350733938963,-0.150360387565625,-0.00298898057941209,0.144347651212126,0.297519454556712,0.42469682339987,0.54115953781313,0.618602519338802,0.699186875874698,0.728959414551193,0.732826680807949,0.712611544383887,0.671608904625439,0.594601436417765,0.481468253402149,0.358532507855081,0.218652086027562,0.0749774256649353,-0.0731195405241699,-0.208500273864928,-0.34208350849834,-0.453078473493395,-0.541698095379818,-0.60333462660853,-0.652627065981836,-0.660525693919976,-0.636805266932621,-0.581962414036779,-0.513374289170716,-0.409207034476076,-0.278912213689257,-0.14221288287596,0.000743356468237959,0.145982008789594,0.278907909251411,0.399687042369566,0.508893130795301,0.600700674129446,0.657085326082706,0.692299997909053,0.707241214321904,0.690893347238044,0.63588446848298,0.55908322431617,0.45308308078055,0.349200395397095,0.206963720648172,0.0748942386587493,-0.0593391841694039,-0.193129917220802,-0.318453148525547,-0.421932004468364,-0.519004858532863,-0.565761513944698,-0.605651608226045,-0.624580201101734,-0.586601294824923,-0.532336848472223,-0.467098273344286,-0.366178200856844,-0.255974873071157,-0.126488254479208,0.00963313082155855,0.143563242038219,0.260010326741739,0.381768466856087,0.476050567928273,0.549470948970647,0.613694432906634,0.647275509928388,0.652940491053252,0.628185700996351,0.586798249893392,0.508775944440799,0.416394561848406,0.31423781151809,0.186836078071586,0.0728590822655858,-0.0498652769663101,-0.182137595200949,-0.294213558867942,-0.382331033777125,-0.477766894703799,-0.533579183934752,-0.556620972481288,-0.572775468140563,-0.543615588050305,-0.506440541760267,-0.425472283731669,-0.332988838626477,-0.23062361075095,-0.103189387377126,0.0231630865055741,0.139428079658695,0.259208420427556,0.353208936891488,0.442119493656674,0.522802665360061,0.565311554788708,0.587640564504222,0.601097627409329,0.575484673997058,0.534770049272101,0.472436261690874,0.391491655822361,0.290073519641945,0.171989831941019,0.061816365291186,-0.0556245766221087,-0.165466715020437,-0.27063966010558,-0.361144388587968,-0.430425471488344,-0.48240660283198,-0.513519744990773,-0.527987869210935,-0.498987949406912,-0.447873435830737,-0.378685746047807,-0.30048608401061,-0.198043720700195,-0.0954216512463857,0.0162605505314226,0.137393936060877,0.222730923452348,0.326063302764346,0.406238605664486,0.473762365079934,0.511387122523378,0.544266729267711,0.559395554963668,0.523891941863405,0.484012159907285,0.429730736534006,0.359464850226088,0.262374375009614,0.161771314446751,0.0603511404757383,-0.0414289043279874,-0.15107069687115,-0.240184244457484,-0.330900074100188,-0.382477201548374,-0.41944026012566,-0.452545070257994,-0.460850202018146,-0.455245404516746,-0.398064788973173,-0.339205839983831,-0.269041680926109,-0.177449644137741,-0.0684917748999526,0.0270614106235447,0.129076314656256,0.203170638874424,0.290696257100905,0.361006991229496,0.424830803380661,0.451609685149653,0.480540421586272,0.476725600834558,0.466116771379467,0.428885554162132,0.385584600804643,0.312873527127759,0.232293768132705,0.144467592298894,0.0452650365048293,-0.0368416819091455,-0.113503848812309,-0.204965979876254,-0.279649389952805,-0.329369901389244,-0.375127827353485,-0.394974634198492,-0.404179365359888,-0.373539569881281,-0.347625524227885,-0.287123452906256,-0.214948060091307,-0.148001439910383,-0.0492256033337463,0.030360576295496,0.120746660065434,0.197182585166648,0.26931439378757,0.326263763981054,0.374807389283258,0.402043006621379,0.423493755729781,0.417264530245746,0.404648628188224,0.374412372829797,0.32273945384591,0.267014981087545,0.193401762047115,0.123021183169769,0.0384309392588903,-0.0313668691416996,-0.120937880027418,-0.174456182549814,-0.242136133339207,-0.286930024093741,-0.314000886770935,-0.337984098965772,-0.336857033754974,-0.310345425893815,-0.282310723574207,-0.233781331506596,-0.185451114079167,-0.119255901102823,-0.0374032169112441,0.0389516811336859,0.107619772268957,0.170075814940116,0.235264126329395,0.28129494783613,0.320173867852025,0.337474182297923,0.35808448660609,0.356536999820398,0.328279318997776,0.316675786009824,0.267107988853984,0.225627196211275,0.166137870188106,0.101157327608014,0.0388475326113695,-0.031038193641452,-0.0809266860779404,-0.146241023620236,-0.185351133650171,-0.222663002565545,-0.246835358762109,-0.275683297168229,-0.283409437300384,-0.250889963763889,-0.223793081710513,-0.193661576551123,-0.146496774131065,-0.0937008240585225,-0.0224730071939793,0.0521513303283105,0.106030867842195,0.141495980803998,0.195188242731946,0.225353830901946,0.261036740197434,0.282739649774849,0.280190444573634,0.281974930649727,0.269169463300997,0.248451688384394,0.219820517732681,0.17770105108152,0.125712602269592,0.08403940989605,0.0258490255342914,-0.0112122730452777,-0.0658557071553079,-0.109545269847177,-0.147553792017871,-0.169469409950857,-0.187792313725529,-0.208898635337552,-0.207484050992568,-0.1815937792835,-0.15801516633957,-0.122866724294122,-0.0933516939896329,-0.0544903613625709,0.00495064158007697,0.0541204987025495,0.098924197040758,0.131732855707284,0.15311875284981,0.180600836395159,0.196202165556612,0.195359838898345,0.215136581247879,0.213720580057369,0.201941391301037,0.186716595007193,0.157238468621332,0.119885541866039,0.0948931768061347,0.0592871032207936,0.0324748616328207,-0.019099249208992,-0.0427993052088208,-0.0804374135369692,-0.106543274274437,-0.114063425240139,-0.12784789434766,-0.130330142583792,-0.130674067618671,-0.118791916346983,-0.10559954209622,-0.0661491474309468,-0.0337257561790551,-0.00707826642662002,0.0252074692533576,0.0549598090081819,0.0957270953729709,0.1100007791561,0.126141633594916,0.124257688277219,0.148897259686601,0.132755453122626,0.145181924143374,0.139276751508065,0.131057646544224,0.117122699708425,0.0952428657371321,0.087581299372195,0.0563140632828872,0.0420264222203837,0.0276279095270225,0.000295712756977856,-0.0168725813765298,-0.0432452932918296,-0.0501071635771624,-0.0505650481612586,-0.0613565048915578,-0.0669323059206907,-0.0591153359649329,-0.0485891333319626,-0.0313507657589689,-0.0243804852838043,0.0165236638093219,0.0246726871255593,0.0396299707550072,0.0681409890011449,0.0886969977262847,0.0722102508146204,0.0987653240233347,0.0915296016500803,0.0802906051872843,0.0819192540582932,0.0741396543921636,0.0638146126062539,0.0633493438600057,0.0596828087507818,0.0418034288813458,0.036612860551707,0.0108348221049569,0.0118615817168534,0.000547560305224352,0.0105169208046788,0.00844090163974746,-0.0110232662025744,-0.00728773016477378,-0.000871501356103521,-0.000141281434086668,0.0121520261435056,0.0186810899947571,0.0252436080705535,0.0375066816669346,0.0446135551291345,0.0601904039277925,0.0609550765398423,0.068400531679337,0.0792798418026422,0.0912884615738854,0.0483282509256178,0.0549902272637815,0.033201777397507,0.0137550160484273,0.00781545901586017,-0.00651148419805532,-0.00933568337659723,-0.00355074982672639,-0.0137497673205866,-0.0119188309481622,-0.0188104601942827,-0.0168175877902441,-0.0056651517118291,-0.00287007655237364,0.0102707210853247,0.0206448925781525,0.0292996131305172,0.0531815687434608,0.0648394483207857,0.0678361624854589,0.0885304576597116,0.0936089942127718,0.0983116877193842,0.0959871204618256,0.0982874044174201,0.109494331211137,0.0988785300031697,0.0815842190548146,0.094438269255963,0.060215148371587,0.0507929128921584,0.0205582075831749,-0.00724989590902431,-0.0220757927470662,-0.0533857002596264,-0.0727799487126274,-0.0718707175849315,-0.0819395929493344,-0.088636087189206,-0.0774485792327686,-0.0753554514722755,-0.0482190862631811,-0.0253186293215148,-0.0102237283094661,0.0154023352912304,0.0466052007742953,0.0781616674522033,0.0971594737680452,0.126062845097386,0.133943125022602,0.154786289631541,0.165614004454457,0.177194919846801,0.169386072260987,0.161922697126019,0.154191099966286,0.127746762387579,0.117715410835498,0.0961147669319613,0.0608530393550409,0.0117612609112196,-0.0165115978918572,-0.0591547841409361,-0.0869791962524855,-0.118008021744406,-0.13058332750479,-0.147307189298009,-0.157172048636026,-0.134485286550447,-0.124713363644101,-0.122405881969879,-0.0853327295191031,-0.0458536126211234,-0.0104257279245238,0.0238331955958621,0.060541565672384,0.108722742252692,0.137095649320351,0.180090222552303,0.202160037400651,0.223933048908659,0.232305050611647,0.241947054415352,0.232448837341629,0.22056456822107,0.207321578192122,0.171453003071655,0.142577129545362,0.0920845967639727,0.050468223277274,-0.0101302397479169,-0.0529540266482733,-0.11160434639304,-0.151722023012444,-0.180555940629293,-0.214244959304346,-0.221981249448512,-0.212543686806422,-0.215987928447633,-0.194763649269147,-0.158667652473789,-0.115350430629225,-0.0695086932218048,-0.0260887914493163,0.0229254869944695,0.0956269768367754,0.132187476984715,0.18863737838511,0.23413726044045,0.27017449303482,0.291163358669954,0.305127550885266,0.307410370957306,0.29921298632427,0.271487842166939,0.25041152718963,0.210457095066747,0.148442632972127,0.104772366589015,0.0554956926410954,-0.0270552769185746,-0.0903253139172843,-0.156199843224493,-0.204374502788361,-0.248133961934639,-0.278949268427897,-0.286690946913804,-0.284385944640259,-0.276442381408549,-0.243203849991775,-0.207368009782828,-0.147007191404836,-0.0890907834623286,-0.0304711870360309,0.0381937791206257,0.106153894928573,0.18429010731226,0.239031664331326,0.290117909427713,0.330566276720287,0.344975688044717,0.366326452360151,0.372697246710011,0.357221101136023,0.325617391515933,0.286449253868152,0.235871886403983,0.1684130732661,0.109263126705294,0.026044875504803,-0.0464506915011846,-0.119705808018397,-0.195160608060975,-0.258277533904898,-0.311515514339667,-0.339365059707676,-0.359460265971334,-0.355680244295124,-0.334884486804181,-0.296258534539864,-0.25174229777875,-0.184180653244504,-0.119610116022183,-0.0281773402704082,0.0469464321311489,0.119746316980202,0.202380375022052,0.279257515876591,0.343118732702574,0.38699358114477,0.429128446197508,0.425105648411054,0.439609478999947,0.424231261698997,0.389930691458667,0.333470308685053,0.274036446274663,0.201432318071864,0.117206337736662,0.026140057043147,-0.0654619720161757,-0.159407218504852,-0.246003471670321,-0.302119897101183,-0.359580143218286,-0.401584756805229,-0.415347939818904,-0.411152763268629,-0.3872814503187,-0.358486065706068,-0.296242449635644,-0.224059331641044,-0.131356720261244,-0.0386578147393435,0.0538026738152187,0.14625724086454,0.238187785238863,0.319395467611064,0.390579071078855,0.45670188118777,0.48467308176015,0.497174165964629,0.490699529619658,0.477005238156449,0.427920190089603,0.378574255461572,0.292096262529411,0.218804105062916,0.139094571616553,0.0325575007162428,-0.0829187750100383,-0.192437706537703,-0.276995429045051,-0.345957967116158,-0.413954936271602,-0.463847774146258,-0.469131094912311,-0.459328944575213,-0.43758191564742,-0.394159106160226,-0.329357400543868,-0.252019302217191,-0.15731757391843,-0.0507199644993152,0.0605624175513568,0.171267355001911,0.268586413391349,0.359412167929709,0.440799876931298,0.503956442140198,0.541981839840198,0.565949935499675,0.560622040771097,0.530920110192058,0.473706636187453,0.415494839963456,0.328495106710075,0.251254252945064,0.139983192119594,0.0189948102901296,-0.103355574764042,-0.220767571458501,-0.311819301517897,-0.380168534181714,-0.470565310016781,-0.500900515828854,-0.532005157638861,-0.528453910551152,-0.500703556193738,-0.440502843389965,-0.369778305666133,-0.280492285239041,-0.169392934283304,-0.0479252207680558,0.0706943901696273,0.180341342346632,0.286322478579764,0.390894478522978,0.483994323522988,0.563526925783308,0.601807569408505,0.62715742675301,0.608477530599127,0.589378156249353,0.531255427107815,0.453334160093683,0.367350373739065,0.256291507341198,0.138417899024409,0.00802306827463159,-0.111381018228023,-0.238320955199294,-0.354537295152916,-0.43537326087816,-0.504555128423515,-0.556503317763775,-0.584939053864817,-0.579562156553387,-0.531953207338683,-0.482445953385409,-0.391485061635348,-0.308615111860049,-0.18737883174899,-0.0649244510318961,0.0699279592161757,0.187122343214486,0.323622467920042,0.434651706971584,0.530074540615203,0.600900355577107,0.639194284383477,0.662481146380896,0.663377571474801,0.621210374375857,0.558571814574915,0.481839567115643,0.383428458381451,0.276543146895642,0.137378838319192,0.0122532052150783,-0.127278099987329,-0.248334813764978,-0.377250007926968,-0.489806331529109,-0.557574220958329,-0.612680947273463,-0.627267573582364,-0.629583715428217,-0.579452800609358,-0.515447041752229,-0.429065463014477,-0.326215226176092,-0.198489858410711,-0.0772428662795804,0.0747154353589797,0.206088965343716,0.339051645271231,0.465832987402699,0.568501919816967,0.627839123526777,0.691385479141742,0.713302661425227,0.712416611479747,0.665568143891182,0.607224960391902,0.504821094302943,0.409205880526431,0.280681980214865,0.144165814106916,0.00745922142842372,-0.143633106990684,-0.278807227319015,-0.411315713708135,-0.504956113684199,-0.589841633910749,-0.653170318513694,-0.673591213506183,-0.663906082220788,-0.628291056603633,-0.551947722477833,-0.464354464758856,-0.346969492021768,-0.204887870925893,-0.059831523651097,0.0871370691025042,0.233575903560436,0.376781233685989,0.490055086457105,0.597282549973262,0.673197108960833,0.739808991185553,0.753862750972898,0.747775919706259,0.706295297243926,0.641733706867714,0.562524856570243,0.424170019092748,0.296662593341968,0.149953141072713,0.00322536261969102,-0.157941361566226,-0.29740231128256,-0.428608751776882,-0.54043749603234,-0.631727490408045,-0.681080434466779,-0.709430043165284,-0.696408498261836,-0.650223850464413,-0.57682725266126,-0.48960221180908,-0.363035132300268,-0.22543511686965,-0.0614199750786431,0.0792612674483249,0.238529534945107,0.384937620164681,0.517832004397561,0.628246975541802,0.712749500656997,0.780325835474067,0.786125231481752,0.776756344944465,0.743575580251987,0.682455532394404,0.572169265720712,0.440442749343278,0.312342748503719,0.155822630722157,0.00018414485259239,-0.166379242796755,-0.310280614846862,-0.441733407448222,-0.564813553777193,-0.653452408549042,-0.709003644607722,-0.736587625556219,-0.725619089679959,-0.681391072327037,-0.605812486176559,-0.506232704530008,-0.379771314495796,-0.237790626962181,-0.0755727247151804,0.085988449787912,0.24035555596531,0.400234569189251,0.535137266613277,0.653964966116723,0.73407984581574,0.791918443782679,0.81786240712608,0.810572698910676,0.760972625526288,0.701670990335845,0.593614886763942,0.4526154140548,0.326351877797245,0.160350893653396,-0.0167442712487143,-0.170311124994647,-0.324779881559091,-0.475782533141541,-0.577765593038853,-0.675308540222331,-0.740643394928459,-0.757631950723148,-0.739680192323171,-0.704150718938286,-0.629136824598352,-0.532799247001456,-0.387875801932246,-0.23482189730568,-0.0854725745122254,0.0954243852794426,0.261554060047274,0.423849194698828,0.540795907193488,0.674276316705609,0.754309515737517,0.82357223890138,0.849439806701498,0.833196799240381,0.793369767328801,0.709546543180264,0.615572417054959,0.46554627342924,0.334057359635064,0.149756102821267,-0.000656994697958947,-0.177701011284525,-0.335097997497112,-0.490691727605954,-0.598830357322372,-0.698928645008081,-0.759056162885986,-0.761642540743103,-0.766465361343198,-0.718796526815024,-0.635351088500506,-0.531925265041269,-0.393841995572924,-0.237033512575367,-0.0736095947608151,0.0942360129097384,0.255717426429761,0.419609724715821,0.555805808612251,0.679835521191067,0.772251178528163,0.843197114275791,0.871969430793192,0.85255649706406,0.808985031958388,0.729452803001315,0.62135566996471,0.482256117134358,0.329107553716564,0.156828840160399,-0.00192412507662691,-0.189992562519513,-0.341046960263773,-0.474915919663076,-0.615712749055664,-0.698466683208018,-0.764789103832784,-0.796801661017593,-0.78079805737423,-0.727114736126985,-0.648423238171482,-0.536119754174903,-0.400351781626573,-0.246087081542547,-0.0849882650112031,0.10324525095884,0.267289037220794,0.422043129046693,0.573109468237972,0.692789567270669,0.784841972190243,0.846121133843685,0.869526023521954,0.860280484140308,0.82459258034179,0.72565772035951,0.623052871239953,0.490123491759612,0.341061834974565,0.172136095780179,-0.00777088098763053,-0.184679105553553,-0.343727822521113,-0.479312616375571,-0.620903165571674,-0.714362648255032,-0.769155692599361,-0.787040381239004,-0.787803526467035,-0.731794411517159,-0.656731630378854,-0.544214669476266,-0.408889225513969,-0.247007744928123,-0.084605384515022,0.0918551133323019,0.259046558773824,0.428178488971944,0.556554265022901,0.693264904070246,0.790426295179259,0.846263963116448,0.892579708463026,0.870088122847726,0.827072942482152,0.729351926242368,0.637197057469083,0.492071791115067,0.339043415510739,0.166537099963423,0.0103965150070215,0.067769419718571,0.0617957582361229,0.0850822009231865,0.0780800263354622,0.0927827244402879,0.0809425043470125,0.0800795820516126,0.0910352891388849,0.074893330070419,0.0639449871832447,0.0654875391936373,0.0582376396460939,0.04861791798391,0.0321559806035671,0.0216294269988482,0.0220255747645962,0.018568697164399,0.0174389204681283,-0.00531968449400404,-0.00314292938036398,0.0068404424250858,-0.0057193393106263,-0.00105012100930852,0.000362274551977371,0.0118517413794108,0.0219010997553025,0.0324917391563578,0.0436540254199179,0.0468749804824883,0.0524015258353755,0.0703200736230082,0.0792330329266386,0.0972287513120113,0.118143476546374,0.132681812741887,0.150495315358997,0.158914169722494,0.146723674295506,0.153032656723001,0.135946318108708,0.139352324618471,0.11423680450558,0.088235820044409,0.0701716520871659,0.050868665244658,0.0276558519008668,0.00799017777827332,-0.0112357611580394,-0.0249299429147138,-0.058183356416432,-0.0656244649345211,-0.0614161091082858,-0.0683457078620222,-0.0719420681502421,-0.0653221955806918,-0.0521852210971057,-0.0266237288455472,-0.0138009250119953,0.0103250498046731,0.0389509103416488,0.0581450738319789,0.0846778730655495,0.133048761860036,0.14792444824948,0.174393965549213,0.203152072374153,0.213705695162215,0.215049079846534,0.215307082252562,0.221771318044956,0.195347338729602,0.169958201895405,0.148667272247373,0.116290563682099,0.0804124961503663,0.038105964486506,-0.000158086386248578,-0.0305924947326605,-0.0722500944544259,-0.105855661671039,-0.118409697259398,-0.124328063067581,-0.149587115871506,-0.13630158553321,-0.135576265310082,-0.115863393312819,-0.111096193791549,-0.0534281256164015,-0.022916419313149,0.00156257739925897,0.0525105703238704,0.0802566629481711,0.148435532707881,0.194508393537687,0.230546258265179,0.259955116092816,0.276467618436669,0.28420169328626,0.292603962688161,0.275928274580204,0.259488696772731,0.222494848047625,0.195531589647896,0.147304486387457,0.102353144659592,0.0404054595788732,-0.0104607177455373,-0.0513732536692484,-0.102052612370204,-0.147668723894804,-0.170866664426632,-0.203350717991689,-0.214552486380576,-0.207738264134208,-0.18943428419465,-0.174715001434889,-0.156525405055244,-0.103780451939362,-0.0524108426494321,-0.0146025179617285,0.031746452472725,0.0972893323852353,0.155391518820184,0.229330827325899,0.273149766787324,0.307556058638589,0.353757109083338,0.356790346140748,0.372548800336517,0.346793269037204,0.329560764988235,0.294222892314356,0.228635783969295,0.179666532147365,0.111915471044814,0.0545546091234483,-0.0220542275716575,-0.0810198729880627,-0.144650349347134,-0.199729535817375,-0.223239828053895,-0.263536433236941,-0.278612516489909,-0.277106458825593,-0.263022337533371,-0.245872265172153,-0.190413085379054,-0.16117011388926,-0.093201369948533,-0.0379868731517919,0.0329567737415811,0.106520829577668,0.191959574856587,0.255553650462072,0.317865113841702,0.363123403492538,0.418306775787122,0.423047118965069,0.43142729337724,0.41626510354239,0.378075523458885,0.342614265238961,0.280997273584875,0.216648897290762,0.137925807671863,0.0580313451654377,-0.0232826283850176,-0.0935293486514976,-0.177587403534449,-0.239091144909419,-0.285352489431925,-0.319150810385984,-0.333705125891326,-0.340423473111113,-0.338101316078668,-0.307342100349829,-0.254848281802325,-0.197327339283006,-0.114791561245848,-0.0502632779654934,0.0293711190367592,0.109686088944506,0.209397333824307,0.3022626707478,0.353936435274167,0.421148550081918,0.462858528538555,0.505409215732833,0.497115359376912,0.471832056689727,0.454660972166867,0.390454509223254,0.327223110687724,0.23874392818669,0.15620683980347,0.0666454362422206,-0.0185603500853728,-0.120649740795949,-0.208392732543496,-0.278288437841215,-0.347505072233728,-0.374901698928191,-0.40894816668246,-0.403392297166012,-0.393989593061135,-0.350993489500475,-0.316946607035434,-0.236798954415818,-0.158046023282239,-0.07223513226222,0.00510674986583822,0.123572019602125,0.228841738745591,0.3215291152325,0.414791497061417,0.467436546151983,0.519821012042692,0.543795574136954,0.560538677488155,0.539485472803515,0.497781458801585,0.444905589423822,0.367676028636498,0.276079522121832,0.17753992703444,0.0740814152031763,-0.041231639246938,-0.142075900306969,-0.238093390019878,-0.319203649329255,-0.392053191256934,-0.427569143605427,-0.46651486508979,-0.468040424501369,-0.442059705348418,-0.414187108480933,-0.358154148704093,-0.27584662434462,-0.184326339407628,-0.0945573550758213,0.0127353123189332,0.13154280344789,0.241218513211144,0.345812411291614,0.441672662488914,0.516091292069176,0.569091569759202,0.594291129887912,0.589155176144076,0.580074341382906,0.549099583952706,0.475536182678261,0.401588761090626,0.293482676665194,0.201591166892853,0.0866127347847769,-0.0473912486518264,-0.148422535414497,-0.2569087528648,-0.353470675625487,-0.430634091880632,-0.477273305954463,-0.503334120925742,-0.515563210005842,-0.508041549606802,-0.472973071199603,-0.40338434325597,-0.315716136000767,-0.220024714610901,-0.114835870690527,0.012556830389783,0.131855761831004,0.254130316204101,0.376890541096487,0.467296897948846,0.560061614423525,0.615670645861812,0.653434354418641,0.655382639836201,0.629127851193764,0.586401586205537,0.52491404917079,0.428220918479161,0.334818488160796,0.200319091460365,0.0818390555563331,-0.0426282512331015,-0.170765033288551,-0.294240083947048,-0.395959263211263,-0.471310473964434,-0.521546448857914,-0.571482396097165,-0.570023139759084,-0.556678315552124,-0.519950822429112,-0.448838719095376,-0.356536235958952,-0.246842585195384,-0.131714402172766,0.00331022501022473,0.140328949830098,0.254215257440193,0.396361846487406,0.504788663740271,0.584235216681322,0.657477982792025,0.697724984062938,0.695204450719064,0.686133904732495,0.641683800932305,0.559616039998373,0.466200961025047,0.350303393981114,0.222236740714734,0.0857577424587549,-0.0596953794082776,-0.179440259970508,-0.305509074551641,-0.410259404941673,-0.507811765506984,-0.570576776488526,-0.603431651434269,-0.628978021923358,-0.611613863897797,-0.551514186786397,-0.479830370750235,-0.387946186492884,-0.269324794451186,-0.142876262518698,-0.00257471203950433,0.128937122989847,0.28833304727943,0.417457640873283,0.530047326473953,0.632570442347231,0.694572734864571,0.736925134888176,0.754598834951478,0.738214917727448,0.682870618205476,0.603000641181402,0.498439693055701,0.371836506213161,0.228425470303512,0.0947820690788507,-0.0528938350272554,-0.200763675392716,-0.340096098619192,-0.458590846884484,-0.54125555507314,-0.606084726370305,-0.658976007269012,-0.671057707758586,-0.639243314939455,-0.590148966870405,-0.527356508801995,-0.403972962477867,-0.292881553223116,-0.160937308742773,-0.00452642619799919,0.151765349305939,0.300911206537619,0.436841566291113,0.559893858282686,0.670274485384252,0.734055127615267,0.771796790951651,0.785235420971866,0.754400334519294,0.713894754671278,0.640051158340387,0.516438277081063,0.392180205113594,0.239705095672559,0.110058410480875,-0.0635733622398993,-0.210361639396392,-0.343280554109442,-0.475797352664972,-0.577474286855151,-0.642489140988695,-0.696721533773223,-0.709638035781022,-0.681084775243217,-0.62719830949355,-0.552955500501473,-0.437121257756168,-0.308402800637754,-0.161271956208569,-0.00657455609721945,0.149279013602769,0.300036609254283,0.45862833851024,0.580054194794893,0.685459181313038,0.759465054761098,0.799683634743957,0.819308883304994,0.789125688990185,0.741812489638919,0.646685235106319,0.539659075343095,0.409985209820071,0.252632759983988,0.0932565390409478,-0.067583415327824,-0.223314536666134,-0.3634303803863,-0.500659802456124,-0.594676303058088,-0.67525948006395,-0.723767560740294,-0.72990838365763,-0.718391329005275,-0.661093773465502,-0.567815366900271,-0.459793706019229,-0.322043995022638,-0.175077778079592,-0.0135481927748676,0.144362039035639,0.318266402859612,0.475218124392259,0.59198144835704,0.704070453198147,0.773497149413283,0.815835182304149,0.844369133731368,0.823053995232402,0.765973327670674,0.671768768572672,0.5649065164463,0.422915028918882,0.273026910524512,0.108808931918883,-0.054915940802112,-0.237174365617383,-0.374296167322877,-0.512126526605013,-0.628438115685983,-0.689707869634613,-0.75402147665592,-0.755917272726821,-0.724001446521975,-0.684478356225455,-0.595974493818139,-0.477552911206945,-0.332272941609587,-0.184484739716798,-0.0162074282642768,0.171535407755464,0.323073086556979,0.480438212314363,0.601825686840829,0.724325102811289,0.81205975716541,0.850075789381902,0.864380539826774,0.845268471444833,0.775659219734942,0.689700846702564,0.568612438136898,0.429502016656062,0.258569647468539,0.106147923008253,-0.0697897506048115,-0.244643777034375,-0.395530350880066,-0.533904700027438,-0.649357334167659,-0.71299755007988,-0.774037142527781,-0.772601159406103,-0.746475232426714,-0.698327097643647,-0.610391950098344,-0.485334853872753,-0.340111485618845,-0.194037316268923,-0.0183067109971025,0.144979405120319,0.325158450935039,0.483975369991672,0.626246224317806,0.721837032544743,0.819603022511082,0.864957079360042,0.86934270417848,0.841936011352394,0.787510115451398,0.696980131940005,0.583474720142609,0.441595849041793,0.277952577480282,0.102124292256558,-0.0732417771432825,-0.2486919068893,-0.398024625992833,-0.525623196693979,-0.633783735868633,-0.733047481874617,-0.773890662547137,-0.798618674390596,-0.762666873710358,-0.711071247355444,-0.621680977946942,-0.485066875760983,-0.348581739292365,-0.200086959526794,-0.0181798690567042,0.143391545129644,0.324551912170883,0.490011588563319,0.621664865305746,0.737640665671712,0.817404844889743,0.862986960316213,0.876020615328054,0.8474808617357,0.803108484164289,0.699383824685656,0.586249228257397,0.451698262490816,0.274154343307002,0.106435823384505,-0.0675312005605797,-0.245003051477668,-0.401446849900112,-0.543387651526705,-0.646890474405914,-0.726675285847499,-0.786766687309625,-0.798018063496599,-0.769313127272809,-0.711803175616328,-0.623978241004361,-0.50705582625462,-0.354453682928827,-0.199218282269649,-0.00621565854062629,0.149578122380536,0.326644009957837,0.481991028591901,0.623390825066681,0.737647166267427,0.814204421031747,0.865603392651737,0.886502486298321,0.870522277092626,0.798989761375075,0.70151281798123,0.577023598323247,0.437476624488857,0.277638213157028,0.0899572676852603,-0.0748777772389422,-0.238680231641545,-0.399356179072524,-0.54884538884039,-0.651691037594272,-0.744063094436046,-0.782453229939612,-0.794081241701933,-0.76279173493822,-0.720263808698659,-0.622856641724958,-0.499884082643897,-0.354053928074547,-0.196896052629733,-0.0173416731995259,0.158984865758954,0.320830078681065,0.482926358465647,0.607093204394263,0.737390702290443,0.806501476775372,0.859278758914893,0.868492452608647,0.844919670153344,0.792175252026643,0.710132686641515,0.579305702081531,0.433704732937993,0.263711116475985,0.0976254861631784,-0.0663123717554644,-0.232215223400031,-0.397242038788276,-0.541743172637704,-0.635585984274608,-0.734468471047468,-0.783098116417097,-0.789393281885321,-0.75667810208546,-0.707399098961045,-0.616764567761023,-0.503605122332461,-0.343759665311064,-0.192500456827627,-0.0248340931834362,0.152468061351347,0.314734545277938,0.478943425282973,0.606371603215064,0.724056626325775,0.80301225713427,0.847379259790348,0.85430848381196,0.831545999365563,0.770622266889047,0.70321162032679,0.573777487301967,0.430069872960563,0.271867578495721,0.0957793434668084,-0.0636226567182199,-0.2357777923455,-0.38616948549558,-0.519962634828416,-0.627154138495454,-0.717804584150012,-0.754436836777516,-0.775156507445374,-0.763253744056028,-0.697078067601147,-0.60023428321093,-0.487556235687942,-0.336770397750375,-0.184775694108955,-0.0234528448110698,0.154540551149867,0.310254207677077,0.461783566960244,0.59488148850806,0.711765646005353,0.779979573031621,0.828795513334771,0.842645662799555,0.813483943991099,0.768301499731974,0.676921204805041,0.553255342982348,0.424944268267713,0.27413963686883,0.102100185209349,-0.0756001855397315,-0.226749822912292,-0.372153444131581,-0.51680029399282,-0.625550767663115,-0.700602534736854,-0.739963964942689,-0.751652610150557,-0.75019883329771,-0.683382354848664,-0.59827416574156,-0.481484332020426,-0.332602687647117,-0.174662559849601,-0.0182986998081248,0.153102299567293,0.314179134519345,0.451938487723204,0.581892003912512,0.680922521981784,0.761234285777832,0.809702531698483,0.815744650532943,0.789590443215661,0.73756200024085,0.65958206959744,0.531162653858075,0.414785788909108,0.254267665059091,0.0959943600436984,-0.0656694442321435,-0.209072522313852,-0.362267957766819,-0.504080668980208,-0.604373151208996,-0.681857681321406,-0.71748044812599,-0.73563628787762,-0.711626802608182,-0.647087576842144,-0.567143465812184,-0.460915162444934,-0.320504517515665,-0.176363140822415,-0.0134373794202797,0.154512162213324,0.296706873947666,0.433032208087056,0.559580764099488,0.662474649570337,0.744945341749492,0.777880172768513,0.788154794174377,0.772127378509062,0.718863762254228,0.63214366190529,0.526087994617742,0.392862693328008,0.239596701998701,0.0921735550632946,-0.057787808338075,-0.214041900764915,-0.350983345208226,-0.475565891559882,-0.574105015401407,-0.643649828366968,-0.684024103493643,-0.708905129560701,-0.670490132983647,-0.607859108977371,-0.557865111718376,-0.436143272129607,-0.301254915743328,-0.162633306706286,-0.0123339420673427,0.146765521032716,0.286785027425732,0.418601877348153,0.54143237164814,0.62705949635155,0.704876970185854,0.748299099691824,0.745242126870194,0.732209774370417,0.676894584507448,0.606217420088625,0.495929227504486,0.378661437528064,0.238995008405696,0.0829468463020105,-0.057973774118377,-0.199073237264991,-0.323954196212661,-0.450510386686857,-0.546895226426065,-0.60856930785661,-0.65582263757503,-0.665871191393722,-0.633693773035676,-0.582305354635477,-0.512952990730487,-0.41188058397871,-0.28841031273184,-0.151675985590238,-0.00644691513626504,0.132246514549591,0.26498747443374,0.404127895318973,0.515832311628299,0.600105119639171,0.660072279877534,0.696854528244434,0.721973888805074,0.689998189320207,0.643221646223489,0.561103617330729,0.460709832047198,0.348455126584783,0.228281798684761,0.0875399080783308,-0.0469189074881859,-0.190455977270256,-0.303426771759687,-0.411382323697031,-0.514479190784441,-0.570618989308127,-0.609570397417438,-0.627094295478458,-0.593343943608216,-0.549877872845852,-0.484545383318939,-0.391285277596261,-0.266247371004529,-0.145886866682131,0.00018998645529634,0.136529219510392,0.257501568925904,0.37261291940342,0.470162664341297,0.562351610715774,0.60820562513878,0.648913942622938,0.661619017010875,0.634101605616645,0.5975640760062,0.540434344903573,0.434901692256373,0.33146676408944,0.208916016567526,0.087760752794161,-0.0556403594527707,-0.17524293125694,-0.293630717828694,-0.383393279030426,-0.472395924936517,-0.527677846530958,-0.564236920770435,-0.573849529378433,-0.555783216469273,-0.510732114149775,-0.445136002024071,-0.351756697963765,-0.242728740497553,-0.121321623051005,-0.000352733161958416,0.117452429950532,0.252526804085763,0.354023637166231,0.438074059020446,0.50631893576082,0.558454387263629,0.605028993642876,0.611879876397172,0.602293017704792,0.556515068689717,0.489261369200359,0.394992571036643,0.29424423271607,0.193440529486661,0.0781511244252544,-0.0448701536143064,-0.157369670602108,-0.265472270633635,-0.363669258930913,-0.437795686376403,-0.482354191505483,-0.52058642538623,-0.522274342230984,-0.494881320540851,-0.460922721689756,-0.395490768288414,-0.316508582852309,-0.223795260699523,-0.104183520854372,0.0187467952324645,0.120221284519909,0.222465324982578,0.321615068836032,0.393821734804401,0.478533837506349,0.517843093387749,0.549244957547906,0.556464926683049,0.531537578313755,0.493487607816877,0.440848293698319,0.361247974764932,0.274538531438051,0.168779803500867,0.067639062950501,-0.0346460002383674,-0.139519879612256,-0.233309781061361,-0.319572064576582,-0.385716310776193,-0.443783095705062,-0.462511569925348,-0.465245125914303,-0.456215803197685,-0.418461926506043,-0.365136011059683,-0.280529188433215,-0.194483158564412,-0.0929032542312891,0.0158625108537412,0.111184048374943,0.209157980889286,0.296019587906123,0.371255858633348,0.41785031822081,0.466150777333571,0.483069032540198,0.493493675711698,0.469169398002586,0.44433249975863,0.398737444162802,0.324337905707213,0.246113448164751,0.151308529024058,0.0611031817499532,-0.0205095852277837,-0.119512144630628,-0.191459415546892,-0.277858952101065,-0.329586440609226,-0.379354040485503,-0.410189268364791,-0.409407072003992,-0.392469921004278,-0.356646803930602,-0.302504245257305,-0.237476503621275,-0.150766612759371,-0.0813759277334405,0.0199180760408023,0.112327327422724,0.19505768971611,0.260053432905483,0.327881997203349,0.366974554693185,0.412404330068108,0.423995676640057,0.42531481359603,0.413305912678463,0.383549714578337,0.34024618308126,0.286995554651117,0.217886955523938,0.13424424061931,0.0639363596922809,-0.0297816155467057,-0.104342398099381,-0.18050730076451,-0.246310736610436,-0.284102871977756,-0.330170559286083,-0.338984121271343,-0.34010476347268,-0.321819998062236,-0.29415761881894,-0.253447821329607,-0.199660985406338,-0.129168789742753,-0.0568857137057976,0.0221022787770824,0.107535367135335,0.160733250296267,0.228223986949656,0.27705248381832,0.314780405762897,0.341059887237172,0.362205913445653,0.352896849325374,0.360080289773217,0.323578372386536,0.284785840551778,0.229379097162425,0.178779226003317,0.125380559807454,0.0509046968463448,-0.0171466405103857,-0.0790077468945548,-0.141872574934129,-0.19616561489288,-0.229258873089611,-0.269891398807357,-0.284032949203715,-0.282819598822111,-0.273758600612215,-0.247250518124147,-0.201968115398741,-0.151827451235172,-0.115072518096157,-0.032156738693615,0.0330857256719249,0.0887819014416257,0.147687330146656,0.186828963729865,0.233209939630605,0.268248489659756,0.281445756179955,0.292052723224711,0.2856351530604,0.273690796071784,0.264361626723537,0.232291261432053,0.195091659585225,0.149273395900552,0.0944569778510756,0.0367815846843374,0.00221639997416731,-0.0645553596707533,-0.104059166980673,-0.145103439572233,-0.181079629852984,-0.198682144893578,-0.211338928871823,-0.211345910237124,-0.194188568042927,-0.171632819516418,-0.151595819341987,-0.110448119899483,-0.0625283382247631,-0.0219924409618619,0.0307071022420068,0.0822258493409661,0.124007800439503,0.146210437353951,0.176418608645025,0.206094496539617,0.223653268927304,0.214722798981126,0.23439816783059,0.218639302056064,0.195333837720215,0.170079044368871,0.147026367142766,0.108795676758868,0.0671397701182316,0.0338940308926172,-0.00406727642240879,-0.0476199684728921,-0.0622537126414955,-0.0988990063346706,-0.132431781631131,-0.131503988077777,-0.142325759831213,-0.139472556691309,-0.132074875881865,-0.114620421240367,-0.0975915016026726,-0.0731384811592051,-0.0303167982035578,0.00491859979198616,0.049275566218536,0.0752676340175909,0.104064681276148,0.124690082759363,0.132620588867442,0.135855366985552,0.147422943521782,0.149581575820395,0.155768740502976,0.149493857773778,0.135488943710472,0.104565784692623,0.100696694258915,0.0769682512168819,0.0590477928487437,0.0262711455053106,-0.00203038097205824,-0.0143217404503927,-0.0439228150212775,-0.0554728313914621,-0.0519089707691039,-0.067656954046442,-0.0701300604772027,-0.0668144712783982,-0.0657022196049035,-0.0352380514008655,-0.0243899303595857,-0.0140485124310084,0.023348808355746,0.0345104815679127,0.0467379523810676,0.0731063169325441,0.0790299584449537,0.0786327555549964,0.0921394398036721,0.085537175447539,0.0879137543224234,0.0847118851267623,0.0720533372515584,0.0748052880752694,0.0726231341327816,0.0558376380518184,0.0457115053921947,0.040431925898541,0.0354617558217413,0.0162398808428338,0.0120599969053732,-0.00170240593073153,-0.00166935519590659,-0.00534408983849822,-0.0064545049628406,0.00852950455440006,0.0023310874568471,0.0242620482843258,0.0104682256022212,0.0182936086864522,0.0214664545665871,0.0472365824622312,0.0466470741449828,0.0499635136086992,0.0605045547200086,0.0538036159045963,0.0516522911286347,0.0479283938515042,0.0406427592351925,0.0267868744598355,0.0217710378270869,0.0203631171637061,0.00598504682809435,0.00407632736623608,0.00415288022723388,-0.000170666272558621,-0.00434648130973796,-0.00931153544253024,0.00702696188090143,0.0088773973582087,0.0235462167836493,0.0317083982546213,0.0434100587654919,0.0478050780231714,0.0591810231653012,0.079074099325271,0.0730133165379627,0.0810180637754913,0.076483707893647,0.0924938777528915,0.0879639206251235,0.0801464321814719,0.0755528126116513,0.0796237755025287,0.0658822368459317,0.0107965975564743
